0	 CONN	1	 0	 up
1000	 CONN	1	 0	 down
2000	 CONN	1	 0	 up
3000	 CONN	4	 2	 up
4000	 CONN	1	 0	 down
5000	 CONN	4	 2	 down
6000	 CONN	4	 2	 up
7000	 CONN	4	 2	 down
8000	 CONN	4	 2	 up
9000	 CONN	4	 2	 down
10000	 CONN	4	 2	 up
11000	 CONN	4	 2	 down
12000	 CONN	4	 2	 up
13000	 CONN	4	 2	 down
14000	 CONN	4	 2	 up
15000	 CONN	4	 2	 down
16000	 CONN	4	 2	 up
17000	 CONN	4	 2	 down
18000	 CONN	4	 2	 up
19000	 CONN	4	 2	 down
20000	 CONN	4	 2	 up
21000	 CONN	4	 2	 down
22000	 CONN	4	 2	 up
23000	 CONN	4	 2	 down
24000	 CONN	4	 2	 up
25000	 CONN	4	 2	 down
26000	 CONN	4	 2	 up
27000	 CONN	4	 2	 down
28000	 CONN	4	 2	 up
29000	 CONN	4	 2	 down
30000	 CONN	4	 2	 up
31000	 CONN	4	 2	 down
32000	 CONN	4	 2	 up
33000	 CONN	4	 2	 down
34000	 CONN	4	 2	 up
35000	 CONN	4	 2	 down
36000	 CONN	4	 2	 up
37000	 CONN	4	 2	 down
38000	 CONN	4	 2	 up
39000	 CONN	4	 2	 down
40000	 CONN	4	 2	 up
41000	 CONN	4	 2	 down
42000	 CONN	4	 2	 up
43000	 CONN	4	 2	 down
44000	 CONN	4	 2	 up
45000	 CONN	4	 2	 down
46000	 CONN	4	 2	 up
47000	 CONN	4	 2	 down
48000	 CONN	4	 2	 up
49000	 CONN	4	 2	 down
50000	 CONN	4	 2	 up
51000	 CONN	4	 2	 down
52000	 CONN	4	 2	 up
53000	 CONN	4	 2	 down
54000	 CONN	4	 2	 up
55000	 CONN	4	 2	 down
56000	 CONN	4	 2	 up
57000	 CONN	4	 2	 down
58000	 CONN	4	 2	 up
59000	 CONN	4	 2	 down
60000	 CONN	4	 2	 up
61000	 CONN	4	 2	 down
62000	 CONN	4	 2	 up
63000	 CONN	4	 2	 down
64000	 CONN	4	 2	 up
65000	 CONN	4	 2	 down
66000	 CONN	4	 2	 up
67000	 CONN	4	 2	 down
68000	 CONN	4	 2	 up
69000	 CONN	4	 2	 down
70000	 CONN	4	 2	 up
71000	 CONN	4	 2	 down
72000	 CONN	4	 2	 up
73000	 CONN	4	 2	 down
74000	 CONN	4	 2	 up
75000	 CONN	4	 2	 down
76000	 CONN	4	 2	 up
77000	 CONN	4	 2	 down
78000	 CONN	4	 2	 up
79000	 CONN	4	 2	 down
80000	 CONN	4	 2	 up
81000	 CONN	4	 2	 down
82000	 CONN	4	 2	 up
83000	 CONN	4	 2	 down
84000	 CONN	4	 2	 up
85000	 CONN	4	 2	 down
86000	 CONN	4	 2	 up
87000	 CONN	4	 2	 down
88000	 CONN	4	 2	 up
89000	 CONN	4	 2	 down
90000	 CONN	4	 2	 up
91000	 CONN	4	 2	 down
92000	 CONN	4	 2	 up
93000	 CONN	4	 2	 down
94000	 CONN	4	 2	 up
95000	 CONN	4	 2	 down
96000	 CONN	4	 2	 up
97000	 CONN	4	 2	 down
98000	 CONN	4	 2	 up
99000	 CONN	4	 2	 down
100000	 CONN	4	 2	 up
101000	 CONN	4	 2	 down
102000	 CONN	4	 2	 up
103000	 CONN	4	 2	 down
104000	 CONN	4	 2	 up
105000	 CONN	4	 2	 down
106000	 CONN	4	 2	 up
107000	 CONN	4	 2	 down
108000	 CONN	4	 2	 up
109000	 CONN	4	 2	 down
110000	 CONN	4	 2	 up
111000	 CONN	4	 2	 down
112000	 CONN	4	 2	 up
113000	 CONN	4	 2	 down
114000	 CONN	4	 2	 up
115000	 CONN	4	 2	 down
116000	 CONN	4	 2	 up
117000	 CONN	4	 2	 down
118000	 CONN	4	 2	 up
119000	 CONN	4	 2	 down
120000	 CONN	4	 2	 up
121000	 CONN	4	 2	 down
122000	 CONN	4	 2	 up
123000	 CONN	4	 2	 down
124000	 CONN	4	 2	 up
125000	 CONN	4	 2	 down
126000	 CONN	4	 2	 up
127000	 CONN	4	 2	 down
128000	 CONN	4	 2	 up
129000	 CONN	4	 2	 down
130000	 CONN	4	 2	 up
131000	 CONN	4	 2	 down
132000	 CONN	4	 2	 up
133000	 CONN	4	 2	 down
134000	 CONN	4	 2	 up
135000	 CONN	4	 2	 down
136000	 CONN	4	 2	 up
137000	 CONN	4	 2	 down
138000	 CONN	4	 2	 up
139000	 CONN	4	 2	 down
140000	 CONN	4	 2	 up
141000	 CONN	4	 2	 down
142000	 CONN	4	 2	 up
143000	 CONN	4	 2	 down
144000	 CONN	4	 2	 up
145000	 CONN	4	 2	 down
146000	 CONN	4	 2	 up
147000	 CONN	4	 2	 down
148000	 CONN	4	 2	 up
149000	 CONN	4	 2	 down
150000	 CONN	4	 2	 up
151000	 CONN	4	 2	 down
152000	 CONN	4	 2	 up
153000	 CONN	4	 2	 down
154000	 CONN	4	 2	 up
155000	 CONN	4	 2	 down
156000	 CONN	4	 2	 up
157000	 CONN	4	 2	 down
158000	 CONN	4	 2	 up
159000	 CONN	4	 2	 down
160000	 CONN	4	 2	 up
161000	 CONN	4	 2	 down
162000	 CONN	4	 2	 up
163000	 CONN	4	 2	 down
164000	 CONN	4	 2	 up
165000	 CONN	4	 2	 down
166000	 CONN	4	 2	 up
167000	 CONN	4	 2	 down
168000	 CONN	4	 2	 up
169000	 CONN	4	 2	 down
170000	 CONN	4	 2	 up
171000	 CONN	4	 2	 down
172000	 CONN	4	 2	 up
173000	 CONN	4	 2	 down
174000	 CONN	4	 2	 up
175000	 CONN	4	 2	 down
176000	 CONN	4	 2	 up
177000	 CONN	4	 2	 down
178000	 CONN	4	 2	 up
179000	 CONN	4	 2	 down
180000	 CONN	4	 2	 up
181000	 CONN	4	 2	 down
182000	 CONN	4	 2	 up
183000	 CONN	4	 2	 down
184000	 CONN	4	 2	 up
185000	 CONN	4	 2	 down
186000	 CONN	4	 2	 up
187000	 CONN	4	 2	 down
188000	 CONN	4	 2	 up
189000	 CONN	4	 2	 down
190000	 CONN	4	 2	 up
191000	 CONN	4	 2	 down
192000	 CONN	4	 2	 up
193000	 CONN	4	 2	 down
194000	 CONN	4	 2	 up
195000	 CONN	4	 2	 down
196000	 CONN	4	 2	 up
197000	 CONN	4	 2	 down
198000	 CONN	4	 2	 up
199000	 CONN	4	 2	 down
200000	 CONN	4	 2	 up
201000	 CONN	4	 2	 down
202000	 CONN	4	 2	 up
203000	 CONN	4	 2	 down
204000	 CONN	4	 2	 up
205000	 CONN	4	 2	 down
206000	 CONN	4	 2	 up
207000	 CONN	4	 2	 down
208000	 CONN	4	 2	 up
209000	 CONN	4	 2	 down
210000	 CONN	4	 2	 up
211000	 CONN	4	 2	 down
212000	 CONN	4	 2	 up
213000	 CONN	4	 2	 down
214000	 CONN	4	 2	 up
215000	 CONN	4	 2	 down
216000	 CONN	4	 2	 up
217000	 CONN	4	 2	 down
218000	 CONN	4	 2	 up
219000	 CONN	4	 2	 down
220000	 CONN	4	 2	 up
221000	 CONN	4	 2	 down
222000	 CONN	4	 2	 up
223000	 CONN	4	 2	 down
224000	 CONN	4	 2	 up
225000	 CONN	4	 2	 down
226000	 CONN	4	 2	 up
227000	 CONN	4	 2	 down
228000	 CONN	4	 2	 up
229000	 CONN	4	 2	 down
230000	 CONN	4	 2	 up
231000	 CONN	4	 2	 down
232000	 CONN	4	 2	 up
233000	 CONN	4	 2	 down
234000	 CONN	4	 2	 up
235000	 CONN	4	 2	 down
236000	 CONN	4	 2	 up
237000	 CONN	4	 2	 down
238000	 CONN	4	 2	 up
239000	 CONN	4	 2	 down
240000	 CONN	4	 2	 up
241000	 CONN	4	 2	 down
242000	 CONN	4	 2	 up
243000	 CONN	4	 2	 down
244000	 CONN	4	 2	 up
245000	 CONN	4	 2	 down
246000	 CONN	4	 2	 up
247000	 CONN	4	 2	 down
248000	 CONN	4	 2	 up
249000	 CONN	4	 2	 down
250000	 CONN	4	 2	 up
251000	 CONN	4	 2	 down
252000	 CONN	4	 2	 up
253000	 CONN	4	 2	 down
254000	 CONN	4	 2	 up
255000	 CONN	4	 2	 down
256000	 CONN	4	 2	 up
257000	 CONN	4	 2	 down
258000	 CONN	4	 2	 up
259000	 CONN	4	 2	 down
260000	 CONN	4	 2	 up
261000	 CONN	4	 2	 down
262000	 CONN	4	 2	 up
263000	 CONN	4	 2	 down
264000	 CONN	4	 2	 up
265000	 CONN	4	 2	 down
266000	 CONN	4	 2	 up
267000	 CONN	4	 2	 down
268000	 CONN	4	 2	 up
269000	 CONN	4	 2	 down
270000	 CONN	4	 2	 up
271000	 CONN	4	 2	 down
272000	 CONN	4	 2	 up
273000	 CONN	4	 2	 down
274000	 CONN	4	 2	 up
275000	 CONN	4	 2	 down
276000	 CONN	4	 2	 up
277000	 CONN	4	 2	 down
278000	 CONN	4	 2	 up
279000	 CONN	4	 2	 down
280000	 CONN	4	 2	 up
281000	 CONN	4	 2	 down
282000	 CONN	4	 2	 up
283000	 CONN	4	 2	 down
284000	 CONN	4	 2	 up
285000	 CONN	4	 2	 down
286000	 CONN	4	 2	 up
287000	 CONN	4	 2	 down
288000	 CONN	4	 2	 up
289000	 CONN	4	 2	 down
290000	 CONN	4	 2	 up
291000	 CONN	4	 2	 down
292000	 CONN	4	 2	 up
293000	 CONN	4	 2	 down
294000	 CONN	4	 2	 up
295000	 CONN	4	 2	 down
296000	 CONN	4	 2	 up
297000	 CONN	4	 2	 down
298000	 CONN	4	 2	 up
299000	 CONN	4	 2	 down
300000	 CONN	4	 2	 up
301000	 CONN	4	 2	 down
302000	 CONN	4	 2	 up
303000	 CONN	4	 2	 down
304000	 CONN	4	 2	 up
305000	 CONN	4	 2	 down
306000	 CONN	4	 2	 up
307000	 CONN	4	 2	 down
308000	 CONN	4	 2	 up
309000	 CONN	4	 2	 down
310000	 CONN	4	 2	 up
311000	 CONN	4	 2	 down
312000	 CONN	4	 2	 up
313000	 CONN	4	 2	 down
314000	 CONN	4	 2	 up
315000	 CONN	4	 2	 down
316000	 CONN	4	 2	 up
317000	 CONN	4	 2	 down
318000	 CONN	4	 2	 up
319000	 CONN	4	 2	 down
320000	 CONN	4	 2	 up
321000	 CONN	4	 2	 down
322000	 CONN	4	 2	 up
323000	 CONN	4	 2	 down
324000	 CONN	4	 2	 up
325000	 CONN	4	 2	 down
326000	 CONN	4	 2	 up
327000	 CONN	4	 2	 down
328000	 CONN	4	 2	 up
329000	 CONN	4	 2	 down
330000	 CONN	4	 2	 up
331000	 CONN	4	 2	 down
332000	 CONN	4	 2	 up
333000	 CONN	4	 2	 down
334000	 CONN	4	 2	 up
335000	 CONN	4	 2	 down
336000	 CONN	4	 2	 up
337000	 CONN	4	 2	 down
338000	 CONN	4	 2	 up
339000	 CONN	4	 2	 down
340000	 CONN	4	 2	 up
341000	 CONN	4	 2	 down
342000	 CONN	4	 2	 up
343000	 CONN	4	 2	 down
344000	 CONN	4	 2	 up
345000	 CONN	4	 2	 down
346000	 CONN	4	 2	 up
347000	 CONN	4	 2	 down
348000	 CONN	4	 2	 up
349000	 CONN	4	 2	 down
350000	 CONN	4	 2	 up
351000	 CONN	4	 2	 down
352000	 CONN	4	 2	 up
353000	 CONN	4	 2	 down
354000	 CONN	4	 2	 up
355000	 CONN	4	 2	 down
356000	 CONN	4	 2	 up
357000	 CONN	4	 2	 down
358000	 CONN	4	 2	 up
359000	 CONN	4	 2	 down
360000	 CONN	4	 2	 up
361000	 CONN	4	 2	 down
362000	 CONN	4	 2	 up
363000	 CONN	4	 2	 down
364000	 CONN	4	 2	 up
365000	 CONN	4	 2	 down
366000	 CONN	4	 2	 up
367000	 CONN	4	 2	 down
368000	 CONN	4	 2	 up
369000	 CONN	4	 2	 down
370000	 CONN	4	 2	 up
371000	 CONN	4	 2	 down
372000	 CONN	4	 2	 up
373000	 CONN	4	 2	 down
374000	 CONN	4	 2	 up
375000	 CONN	4	 2	 down
376000	 CONN	4	 2	 up
377000	 CONN	4	 2	 down
378000	 CONN	4	 2	 up
379000	 CONN	4	 2	 down
380000	 CONN	4	 2	 up
381000	 CONN	4	 2	 down
382000	 CONN	4	 2	 up
383000	 CONN	4	 2	 down
384000	 CONN	4	 2	 up
385000	 CONN	4	 2	 down
386000	 CONN	4	 2	 up
387000	 CONN	4	 2	 down
388000	 CONN	4	 2	 up
389000	 CONN	4	 2	 down
390000	 CONN	4	 2	 up
391000	 CONN	4	 2	 down
392000	 CONN	4	 2	 up
393000	 CONN	4	 2	 down
394000	 CONN	4	 2	 up
395000	 CONN	4	 2	 down
396000	 CONN	4	 2	 up
397000	 CONN	4	 2	 down
398000	 CONN	4	 2	 up
399000	 CONN	4	 2	 down
400000	 CONN	4	 2	 up
401000	 CONN	4	 2	 down
402000	 CONN	4	 2	 up
403000	 CONN	4	 2	 down
404000	 CONN	4	 2	 up
405000	 CONN	4	 2	 down
406000	 CONN	4	 2	 up
407000	 CONN	4	 2	 down
408000	 CONN	4	 2	 up
409000	 CONN	4	 2	 down
410000	 CONN	4	 2	 up
411000	 CONN	4	 2	 down
412000	 CONN	4	 2	 up
413000	 CONN	4	 2	 down
414000	 CONN	4	 2	 up
415000	 CONN	4	 2	 down
416000	 CONN	4	 2	 up
417000	 CONN	4	 2	 down
418000	 CONN	4	 2	 up
419000	 CONN	4	 2	 down
420000	 CONN	4	 2	 up
421000	 CONN	4	 2	 down
422000	 CONN	4	 2	 up
423000	 CONN	4	 2	 down
424000	 CONN	4	 2	 up
425000	 CONN	4	 2	 down
426000	 CONN	4	 2	 up
427000	 CONN	4	 2	 down
428000	 CONN	4	 2	 up
429000	 CONN	4	 2	 down
430000	 CONN	4	 2	 up
431000	 CONN	4	 2	 down
432000	 CONN	4	 2	 up
433000	 CONN	4	 2	 down
434000	 CONN	4	 2	 up
435000	 CONN	4	 2	 down
436000	 CONN	4	 2	 up
437000	 CONN	4	 2	 down
438000	 CONN	4	 2	 up
439000	 CONN	4	 2	 down
440000	 CONN	4	 2	 up
441000	 CONN	4	 2	 down
442000	 CONN	4	 2	 up
443000	 CONN	4	 2	 down
444000	 CONN	4	 2	 up
445000	 CONN	4	 2	 down
446000	 CONN	4	 2	 up
447000	 CONN	4	 2	 down
448000	 CONN	4	 2	 up
449000	 CONN	4	 2	 down
450000	 CONN	4	 2	 up
451000	 CONN	4	 2	 down
452000	 CONN	4	 2	 up
453000	 CONN	4	 2	 down
454000	 CONN	4	 2	 up
455000	 CONN	4	 2	 down
456000	 CONN	4	 2	 up
457000	 CONN	4	 2	 down
458000	 CONN	4	 2	 up
459000	 CONN	4	 2	 down
460000	 CONN	4	 2	 up
461000	 CONN	4	 2	 down
462000	 CONN	4	 2	 up
463000	 CONN	4	 2	 down
464000	 CONN	4	 2	 up
465000	 CONN	4	 2	 down
466000	 CONN	4	 2	 up
467000	 CONN	4	 2	 down
468000	 CONN	4	 2	 up
469000	 CONN	4	 2	 down
470000	 CONN	4	 2	 up
471000	 CONN	4	 2	 down
472000	 CONN	4	 2	 up
473000	 CONN	4	 2	 down
474000	 CONN	4	 2	 up
475000	 CONN	4	 2	 down
476000	 CONN	4	 2	 up
477000	 CONN	4	 2	 down
478000	 CONN	4	 2	 up
479000	 CONN	4	 2	 down
480000	 CONN	4	 2	 up
481000	 CONN	4	 2	 down
482000	 CONN	4	 2	 up
483000	 CONN	4	 2	 down
484000	 CONN	4	 2	 up
485000	 CONN	4	 2	 down
486000	 CONN	4	 2	 up
487000	 CONN	4	 2	 down
488000	 CONN	4	 2	 up
489000	 CONN	4	 2	 down
490000	 CONN	4	 2	 up
491000	 CONN	4	 2	 down
492000	 CONN	4	 2	 up
493000	 CONN	4	 2	 down
494000	 CONN	4	 2	 up
495000	 CONN	4	 2	 down
496000	 CONN	4	 2	 up
497000	 CONN	4	 2	 down
498000	 CONN	4	 2	 up
499000	 CONN	4	 2	 down
500000	 CONN	4	 2	 up
501000	 CONN	4	 2	 down
502000	 CONN	4	 2	 up
503000	 CONN	4	 2	 down
504000	 CONN	4	 2	 up
505000	 CONN	4	 2	 down
506000	 CONN	4	 2	 up
507000	 CONN	4	 2	 down
508000	 CONN	4	 2	 up
509000	 CONN	4	 2	 down
510000	 CONN	4	 2	 up
511000	 CONN	4	 2	 down
512000	 CONN	4	 2	 up
513000	 CONN	4	 2	 down
514000	 CONN	4	 2	 up
515000	 CONN	4	 2	 down
516000	 CONN	4	 2	 up
517000	 CONN	4	 2	 down
518000	 CONN	4	 2	 up
519000	 CONN	4	 2	 down
520000	 CONN	4	 2	 up
521000	 CONN	4	 2	 down
522000	 CONN	4	 2	 up
523000	 CONN	4	 2	 down
524000	 CONN	4	 2	 up
525000	 CONN	4	 2	 down
526000	 CONN	4	 2	 up
527000	 CONN	4	 2	 down
528000	 CONN	4	 2	 up
529000	 CONN	4	 2	 down
530000	 CONN	4	 2	 up
531000	 CONN	4	 2	 down
532000	 CONN	4	 2	 up
533000	 CONN	4	 2	 down
534000	 CONN	4	 2	 up
535000	 CONN	4	 2	 down
536000	 CONN	4	 2	 up
537000	 CONN	4	 2	 down
538000	 CONN	4	 2	 up
539000	 CONN	4	 2	 down
540000	 CONN	4	 2	 up
541000	 CONN	4	 2	 down
542000	 CONN	4	 2	 up
543000	 CONN	4	 2	 down
544000	 CONN	4	 2	 up
545000	 CONN	4	 2	 down
546000	 CONN	4	 2	 up
547000	 CONN	4	 2	 down
548000	 CONN	4	 2	 up
549000	 CONN	4	 2	 down
550000	 CONN	4	 2	 up
551000	 CONN	4	 2	 down
552000	 CONN	4	 2	 up
553000	 CONN	4	 2	 down
554000	 CONN	4	 2	 up
555000	 CONN	4	 2	 down
556000	 CONN	4	 2	 up
557000	 CONN	4	 2	 down
558000	 CONN	4	 2	 up
559000	 CONN	4	 2	 down
560000	 CONN	4	 2	 up
561000	 CONN	4	 2	 down
562000	 CONN	4	 2	 up
563000	 CONN	4	 2	 down
564000	 CONN	4	 2	 up
565000	 CONN	4	 2	 down
566000	 CONN	4	 2	 up
567000	 CONN	4	 2	 down
568000	 CONN	4	 2	 up
569000	 CONN	4	 2	 down
570000	 CONN	4	 2	 up
571000	 CONN	4	 2	 down
572000	 CONN	4	 2	 up
573000	 CONN	4	 2	 down
574000	 CONN	4	 2	 up
575000	 CONN	4	 2	 down
576000	 CONN	4	 2	 up
577000	 CONN	4	 2	 down
578000	 CONN	4	 2	 up
579000	 CONN	4	 2	 down
580000	 CONN	4	 2	 up
581000	 CONN	4	 2	 down
582000	 CONN	4	 2	 up
583000	 CONN	4	 2	 down
584000	 CONN	4	 2	 up
585000	 CONN	4	 2	 down
586000	 CONN	4	 2	 up
587000	 CONN	4	 2	 down
588000	 CONN	4	 2	 up
589000	 CONN	4	 2	 down
590000	 CONN	4	 2	 up
591000	 CONN	4	 2	 down
592000	 CONN	4	 2	 up
593000	 CONN	4	 2	 down
594000	 CONN	4	 2	 up
595000	 CONN	4	 2	 down
596000	 CONN	4	 2	 up
597000	 CONN	4	 2	 down
598000	 CONN	4	 2	 up
599000	 CONN	4	 2	 down
600000	 CONN	4	 2	 up
601000	 CONN	4	 2	 down
602000	 CONN	4	 2	 up
603000	 CONN	4	 2	 down
604000	 CONN	4	 2	 up
605000	 CONN	4	 2	 down
606000	 CONN	4	 2	 up
607000	 CONN	4	 2	 down
608000	 CONN	4	 2	 up
609000	 CONN	4	 2	 down
610000	 CONN	4	 2	 up
611000	 CONN	4	 2	 down
612000	 CONN	4	 2	 up
613000	 CONN	4	 2	 down
614000	 CONN	4	 2	 up
615000	 CONN	4	 2	 down
616000	 CONN	4	 2	 up
617000	 CONN	4	 2	 down
618000	 CONN	4	 2	 up
619000	 CONN	4	 2	 down
620000	 CONN	4	 2	 up
621000	 CONN	4	 2	 down
622000	 CONN	4	 2	 up
623000	 CONN	4	 2	 down
624000	 CONN	4	 2	 up
625000	 CONN	4	 2	 down
626000	 CONN	4	 2	 up
627000	 CONN	4	 2	 down
628000	 CONN	4	 2	 up
629000	 CONN	4	 2	 down
630000	 CONN	4	 2	 up
631000	 CONN	4	 2	 down
632000	 CONN	4	 2	 up
633000	 CONN	4	 2	 down
634000	 CONN	4	 2	 up
635000	 CONN	4	 2	 down
636000	 CONN	4	 2	 up
637000	 CONN	4	 2	 down
638000	 CONN	4	 2	 up
639000	 CONN	4	 2	 down
640000	 CONN	4	 2	 up
641000	 CONN	4	 2	 down
642000	 CONN	4	 2	 up
643000	 CONN	4	 2	 down
644000	 CONN	4	 2	 up
645000	 CONN	4	 2	 down
646000	 CONN	4	 2	 up
647000	 CONN	4	 2	 down
648000	 CONN	4	 2	 up
649000	 CONN	4	 2	 down
650000	 CONN	4	 2	 up
651000	 CONN	4	 2	 down
652000	 CONN	4	 2	 up
653000	 CONN	4	 2	 down
654000	 CONN	4	 2	 up
655000	 CONN	4	 2	 down
656000	 CONN	4	 2	 up
657000	 CONN	4	 2	 down
658000	 CONN	4	 2	 up
659000	 CONN	4	 2	 down
660000	 CONN	4	 2	 up
661000	 CONN	4	 2	 down
662000	 CONN	4	 2	 up
663000	 CONN	4	 2	 down
664000	 CONN	4	 2	 up
665000	 CONN	4	 2	 down
666000	 CONN	4	 2	 up
667000	 CONN	4	 2	 down
668000	 CONN	4	 2	 up
669000	 CONN	4	 2	 down
670000	 CONN	4	 2	 up
671000	 CONN	4	 2	 down
672000	 CONN	4	 2	 up
673000	 CONN	4	 2	 down
674000	 CONN	4	 2	 up
675000	 CONN	4	 2	 down
676000	 CONN	4	 2	 up
677000	 CONN	4	 2	 down
678000	 CONN	4	 2	 up
679000	 CONN	4	 2	 down
680000	 CONN	4	 2	 up
681000	 CONN	4	 2	 down
682000	 CONN	4	 2	 up
683000	 CONN	4	 2	 down
684000	 CONN	4	 2	 up
685000	 CONN	4	 2	 down
686000	 CONN	4	 2	 up
687000	 CONN	4	 2	 down
688000	 CONN	4	 2	 up
689000	 CONN	4	 2	 down
690000	 CONN	4	 2	 up
691000	 CONN	4	 2	 down
692000	 CONN	4	 2	 up
693000	 CONN	4	 2	 down
694000	 CONN	4	 2	 up
695000	 CONN	4	 2	 down
696000	 CONN	4	 2	 up
697000	 CONN	4	 2	 down
698000	 CONN	4	 2	 up
699000	 CONN	4	 2	 down
700000	 CONN	4	 2	 up
701000	 CONN	4	 2	 down
702000	 CONN	4	 2	 up
703000	 CONN	4	 2	 down
704000	 CONN	4	 2	 up
705000	 CONN	4	 2	 down
706000	 CONN	4	 2	 up
707000	 CONN	4	 2	 down
708000	 CONN	4	 2	 up
709000	 CONN	4	 2	 down
710000	 CONN	4	 2	 up
711000	 CONN	4	 2	 down
712000	 CONN	4	 2	 up
713000	 CONN	4	 2	 down
714000	 CONN	4	 2	 up
715000	 CONN	4	 2	 down
716000	 CONN	4	 2	 up
717000	 CONN	4	 2	 down
718000	 CONN	4	 2	 up
719000	 CONN	4	 2	 down
720000	 CONN	4	 2	 up
721000	 CONN	4	 2	 down
722000	 CONN	4	 2	 up
723000	 CONN	4	 2	 down
724000	 CONN	4	 2	 up
725000	 CONN	4	 2	 down
726000	 CONN	4	 2	 up
727000	 CONN	4	 2	 down
728000	 CONN	4	 2	 up
729000	 CONN	4	 2	 down
730000	 CONN	4	 2	 up
731000	 CONN	4	 2	 down
732000	 CONN	4	 2	 up
733000	 CONN	4	 2	 down
734000	 CONN	4	 2	 up
735000	 CONN	4	 2	 down
736000	 CONN	4	 2	 up
737000	 CONN	4	 2	 down
738000	 CONN	4	 2	 up
739000	 CONN	4	 2	 down
740000	 CONN	4	 2	 up
741000	 CONN	4	 2	 down
742000	 CONN	4	 2	 up
743000	 CONN	4	 2	 down
744000	 CONN	4	 2	 up
745000	 CONN	4	 2	 down
746000	 CONN	4	 2	 up
747000	 CONN	4	 2	 down
748000	 CONN	4	 2	 up
749000	 CONN	4	 2	 down
750000	 CONN	4	 2	 up
751000	 CONN	4	 2	 down
752000	 CONN	4	 2	 up
753000	 CONN	4	 2	 down
754000	 CONN	4	 2	 up
755000	 CONN	4	 2	 down
756000	 CONN	4	 2	 up
757000	 CONN	4	 2	 down
758000	 CONN	4	 2	 up
759000	 CONN	4	 2	 down
760000	 CONN	4	 2	 up
761000	 CONN	4	 2	 down
762000	 CONN	4	 2	 up
763000	 CONN	4	 2	 down
764000	 CONN	4	 2	 up
765000	 CONN	4	 2	 down
766000	 CONN	4	 2	 up
767000	 CONN	4	 2	 down
768000	 CONN	4	 2	 up
769000	 CONN	4	 2	 down
770000	 CONN	4	 2	 up
771000	 CONN	4	 2	 down
772000	 CONN	4	 2	 up
773000	 CONN	4	 2	 down
774000	 CONN	4	 2	 up
775000	 CONN	4	 2	 down
776000	 CONN	4	 2	 up
777000	 CONN	4	 2	 down
778000	 CONN	4	 2	 up
779000	 CONN	4	 2	 down
780000	 CONN	4	 2	 up
781000	 CONN	4	 2	 down
782000	 CONN	4	 2	 up
783000	 CONN	4	 2	 down
784000	 CONN	4	 2	 up
785000	 CONN	4	 2	 down
786000	 CONN	4	 2	 up
787000	 CONN	4	 2	 down
788000	 CONN	4	 2	 up
789000	 CONN	4	 2	 down
790000	 CONN	4	 2	 up
791000	 CONN	4	 2	 down
792000	 CONN	4	 2	 up
793000	 CONN	4	 2	 down
794000	 CONN	4	 2	 up
795000	 CONN	4	 2	 down
796000	 CONN	4	 2	 up
797000	 CONN	4	 2	 down
798000	 CONN	4	 2	 up
799000	 CONN	4	 2	 down
800000	 CONN	4	 2	 up
801000	 CONN	4	 2	 down
802000	 CONN	4	 2	 up
803000	 CONN	4	 2	 down
804000	 CONN	4	 2	 up
805000	 CONN	4	 2	 down
806000	 CONN	4	 2	 up
807000	 CONN	4	 2	 down
808000	 CONN	4	 2	 up
809000	 CONN	4	 2	 down
810000	 CONN	4	 2	 up
811000	 CONN	4	 2	 down
812000	 CONN	4	 2	 up
813000	 CONN	4	 2	 down
814000	 CONN	4	 2	 up
815000	 CONN	4	 2	 down
816000	 CONN	4	 2	 up
817000	 CONN	4	 2	 down
818000	 CONN	4	 2	 up
819000	 CONN	4	 2	 down
820000	 CONN	4	 2	 up
821000	 CONN	4	 2	 down
822000	 CONN	4	 2	 up
823000	 CONN	4	 2	 down
824000	 CONN	4	 2	 up
825000	 CONN	4	 2	 down
826000	 CONN	4	 2	 up
827000	 CONN	4	 2	 down
828000	 CONN	4	 2	 up
829000	 CONN	4	 2	 down
830000	 CONN	4	 2	 up
831000	 CONN	4	 2	 down
832000	 CONN	4	 2	 up
833000	 CONN	4	 2	 down
834000	 CONN	4	 2	 up
835000	 CONN	4	 2	 down
836000	 CONN	4	 2	 up
837000	 CONN	4	 2	 down
838000	 CONN	4	 2	 up
839000	 CONN	4	 2	 down
840000	 CONN	4	 2	 up
841000	 CONN	4	 2	 down
842000	 CONN	4	 2	 up
843000	 CONN	4	 2	 down
844000	 CONN	4	 2	 up
845000	 CONN	4	 2	 down
846000	 CONN	4	 2	 up
847000	 CONN	4	 2	 down
848000	 CONN	4	 2	 up
849000	 CONN	4	 2	 down
850000	 CONN	4	 2	 up
851000	 CONN	4	 2	 down
852000	 CONN	4	 2	 up
853000	 CONN	4	 2	 down
854000	 CONN	4	 2	 up
855000	 CONN	4	 2	 down
856000	 CONN	4	 2	 up
857000	 CONN	4	 2	 down
858000	 CONN	4	 2	 up
859000	 CONN	4	 2	 down
860000	 CONN	4	 2	 up
861000	 CONN	4	 2	 down
862000	 CONN	4	 2	 up
863000	 CONN	4	 2	 down
864000	 CONN	4	 2	 up
865000	 CONN	4	 2	 down
866000	 CONN	4	 2	 up
867000	 CONN	4	 2	 down
868000	 CONN	4	 2	 up
869000	 CONN	4	 2	 down
870000	 CONN	4	 2	 up
871000	 CONN	4	 2	 down
872000	 CONN	4	 2	 up
873000	 CONN	4	 2	 down
874000	 CONN	4	 2	 up
875000	 CONN	4	 2	 down
876000	 CONN	4	 2	 up
877000	 CONN	4	 2	 down
878000	 CONN	4	 2	 up
879000	 CONN	4	 2	 down
880000	 CONN	4	 2	 up
881000	 CONN	4	 2	 down
882000	 CONN	4	 2	 up
883000	 CONN	4	 2	 down
884000	 CONN	4	 2	 up
885000	 CONN	4	 2	 down
886000	 CONN	4	 2	 up
887000	 CONN	4	 2	 down
888000	 CONN	4	 2	 up
889000	 CONN	4	 2	 down
890000	 CONN	4	 2	 up
891000	 CONN	4	 2	 down
892000	 CONN	4	 2	 up
893000	 CONN	4	 2	 down
894000	 CONN	4	 2	 up
895000	 CONN	4	 2	 down
896000	 CONN	4	 2	 up
897000	 CONN	4	 2	 down
898000	 CONN	4	 2	 up
899000	 CONN	4	 2	 down
900000	 CONN	4	 2	 up
901000	 CONN	4	 2	 down
902000	 CONN	4	 2	 up
903000	 CONN	4	 2	 down
904000	 CONN	4	 2	 up
905000	 CONN	4	 2	 down
906000	 CONN	4	 2	 up
907000	 CONN	4	 2	 down
908000	 CONN	4	 2	 up
909000	 CONN	4	 2	 down
910000	 CONN	4	 2	 up
911000	 CONN	4	 2	 down
912000	 CONN	4	 2	 up
913000	 CONN	4	 2	 down
914000	 CONN	4	 2	 up
915000	 CONN	4	 2	 down
916000	 CONN	4	 2	 up
917000	 CONN	4	 2	 down
918000	 CONN	4	 2	 up
919000	 CONN	4	 2	 down
920000	 CONN	4	 2	 up
921000	 CONN	4	 2	 down
922000	 CONN	4	 2	 up
923000	 CONN	4	 2	 down
924000	 CONN	4	 2	 up
925000	 CONN	4	 2	 down
926000	 CONN	4	 2	 up
927000	 CONN	4	 2	 down
928000	 CONN	4	 2	 up
929000	 CONN	4	 2	 down
930000	 CONN	4	 2	 up
931000	 CONN	4	 2	 down
932000	 CONN	4	 2	 up
933000	 CONN	4	 2	 down
934000	 CONN	4	 2	 up
935000	 CONN	4	 2	 down
936000	 CONN	4	 2	 up
937000	 CONN	4	 2	 down
938000	 CONN	4	 2	 up
939000	 CONN	4	 2	 down
940000	 CONN	4	 2	 up
941000	 CONN	4	 2	 down
942000	 CONN	4	 2	 up
943000	 CONN	4	 2	 down
944000	 CONN	4	 2	 up
945000	 CONN	4	 2	 down
946000	 CONN	4	 2	 up
947000	 CONN	4	 2	 down
948000	 CONN	4	 2	 up
949000	 CONN	4	 2	 down
950000	 CONN	4	 2	 up
951000	 CONN	4	 2	 down
952000	 CONN	4	 2	 up
953000	 CONN	4	 2	 down
954000	 CONN	4	 2	 up
955000	 CONN	4	 2	 down
956000	 CONN	4	 2	 up
957000	 CONN	4	 2	 down
958000	 CONN	4	 2	 up
959000	 CONN	4	 2	 down
960000	 CONN	4	 2	 up
961000	 CONN	4	 2	 down
962000	 CONN	4	 2	 up
963000	 CONN	4	 2	 down
964000	 CONN	4	 2	 up
965000	 CONN	4	 2	 down
966000	 CONN	4	 2	 up
967000	 CONN	4	 2	 down
968000	 CONN	4	 2	 up
969000	 CONN	4	 2	 down
970000	 CONN	4	 2	 up
971000	 CONN	4	 2	 down
972000	 CONN	4	 2	 up
973000	 CONN	4	 2	 down
974000	 CONN	4	 2	 up
975000	 CONN	4	 2	 down
976000	 CONN	4	 2	 up
977000	 CONN	4	 2	 down
978000	 CONN	4	 2	 up
979000	 CONN	4	 2	 down
980000	 CONN	4	 2	 up
981000	 CONN	4	 2	 down
982000	 CONN	4	 2	 up
983000	 CONN	4	 2	 down
984000	 CONN	4	 2	 up
985000	 CONN	4	 2	 down
986000	 CONN	4	 2	 up
987000	 CONN	4	 2	 down
988000	 CONN	4	 2	 up
989000	 CONN	4	 2	 down
990000	 CONN	4	 2	 up
991000	 CONN	4	 2	 down
992000	 CONN	4	 2	 up
993000	 CONN	4	 2	 down
994000	 CONN	4	 2	 up
995000	 CONN	4	 2	 down
996000	 CONN	4	 2	 up
997000	 CONN	4	 2	 down
998000	 CONN	4	 2	 up
999000	 CONN	4	 2	 down
1000000	 CONN	4	 2	 up
1001000	 CONN	4	 2	 down
1002000	 CONN	4	 2	 up
1003000	 CONN	4	 2	 down
1004000	 CONN	4	 2	 up
1005000	 CONN	4	 2	 down
1006000	 CONN	4	 2	 up
1007000	 CONN	4	 2	 down
1008000	 CONN	4	 2	 up
1009000	 CONN	4	 2	 down
1010000	 CONN	4	 2	 up
1011000	 CONN	4	 2	 down
1012000	 CONN	4	 2	 up
1013000	 CONN	4	 2	 down
1014000	 CONN	4	 2	 up
1015000	 CONN	4	 2	 down
1016000	 CONN	4	 2	 up
1017000	 CONN	4	 2	 down
1018000	 CONN	4	 2	 up
1019000	 CONN	4	 2	 down
1020000	 CONN	4	 2	 up
1021000	 CONN	4	 2	 down
1022000	 CONN	4	 2	 up
1023000	 CONN	4	 2	 down
1024000	 CONN	4	 2	 up
1025000	 CONN	4	 2	 down
1026000	 CONN	4	 2	 up
1027000	 CONN	4	 2	 down
1028000	 CONN	4	 2	 up
1029000	 CONN	4	 2	 down
1030000	 CONN	4	 2	 up
1031000	 CONN	4	 2	 down
1032000	 CONN	4	 2	 up
1033000	 CONN	4	 2	 down
1034000	 CONN	4	 2	 up
1035000	 CONN	4	 2	 down
1036000	 CONN	4	 2	 up
1037000	 CONN	4	 2	 down
1038000	 CONN	4	 2	 up
1039000	 CONN	4	 2	 down
1040000	 CONN	4	 2	 up
1041000	 CONN	4	 2	 down
1042000	 CONN	4	 2	 up
1043000	 CONN	4	 2	 down
1044000	 CONN	4	 2	 up
1045000	 CONN	4	 2	 down
1046000	 CONN	4	 2	 up
1047000	 CONN	4	 2	 down
1048000	 CONN	4	 2	 up
1049000	 CONN	4	 2	 down
1050000	 CONN	4	 2	 up
1051000	 CONN	4	 2	 down
1052000	 CONN	4	 2	 up
1053000	 CONN	4	 2	 down
1054000	 CONN	4	 2	 up
1055000	 CONN	4	 2	 down
1056000	 CONN	4	 2	 up
1057000	 CONN	4	 2	 down
1058000	 CONN	4	 2	 up
1059000	 CONN	4	 2	 down
1060000	 CONN	4	 2	 up
1061000	 CONN	4	 2	 down
1062000	 CONN	4	 2	 up
1063000	 CONN	4	 2	 down
1064000	 CONN	4	 2	 up
1065000	 CONN	4	 2	 down
1066000	 CONN	4	 2	 up
1067000	 CONN	4	 2	 down
1068000	 CONN	4	 2	 up
1069000	 CONN	4	 2	 down
1070000	 CONN	4	 2	 up
1071000	 CONN	4	 2	 down
1072000	 CONN	4	 2	 up
1073000	 CONN	4	 2	 down
1074000	 CONN	4	 2	 up
1075000	 CONN	4	 2	 down
1076000	 CONN	4	 2	 up
1077000	 CONN	4	 2	 down
1078000	 CONN	4	 2	 up
1079000	 CONN	4	 2	 down
1080000	 CONN	4	 2	 up
1081000	 CONN	4	 2	 down
1082000	 CONN	4	 2	 up
1083000	 CONN	4	 2	 down
1084000	 CONN	4	 2	 up
1085000	 CONN	4	 2	 down
1086000	 CONN	4	 2	 up
1087000	 CONN	4	 2	 down
1088000	 CONN	4	 2	 up
1089000	 CONN	4	 2	 down
1090000	 CONN	4	 2	 up
1091000	 CONN	4	 2	 down
1092000	 CONN	4	 2	 up
1093000	 CONN	4	 2	 down
1094000	 CONN	4	 2	 up
1095000	 CONN	4	 2	 down
1096000	 CONN	4	 2	 up
1097000	 CONN	4	 2	 down
1098000	 CONN	4	 2	 up
1099000	 CONN	4	 2	 down
1100000	 CONN	4	 2	 up
1101000	 CONN	4	 2	 down
1102000	 CONN	4	 2	 up
1103000	 CONN	4	 2	 down
1104000	 CONN	4	 2	 up
1105000	 CONN	4	 2	 down
1106000	 CONN	4	 2	 up
1107000	 CONN	4	 2	 down
1108000	 CONN	4	 2	 up
1109000	 CONN	4	 2	 down
1110000	 CONN	4	 2	 up
1111000	 CONN	4	 2	 down
1112000	 CONN	4	 2	 up
1113000	 CONN	4	 2	 down
1114000	 CONN	4	 2	 up
1115000	 CONN	4	 2	 down
1116000	 CONN	4	 2	 up
1117000	 CONN	4	 2	 down
1118000	 CONN	4	 2	 up
1119000	 CONN	4	 2	 down
1120000	 CONN	4	 2	 up
1121000	 CONN	4	 2	 down
1122000	 CONN	4	 2	 up
1123000	 CONN	4	 2	 down
1124000	 CONN	4	 2	 up
1125000	 CONN	4	 2	 down
1126000	 CONN	4	 2	 up
1127000	 CONN	4	 2	 down
1128000	 CONN	4	 2	 up
1129000	 CONN	4	 2	 down
1130000	 CONN	4	 2	 up
1131000	 CONN	4	 2	 down
1132000	 CONN	4	 2	 up
1133000	 CONN	4	 2	 down
1134000	 CONN	4	 2	 up
1135000	 CONN	4	 2	 down
1136000	 CONN	4	 2	 up
1137000	 CONN	4	 2	 down
1138000	 CONN	4	 2	 up
1139000	 CONN	4	 2	 down
1140000	 CONN	4	 2	 up
1141000	 CONN	4	 2	 down
1142000	 CONN	4	 2	 up
1143000	 CONN	4	 2	 down
1144000	 CONN	4	 2	 up
1145000	 CONN	4	 2	 down
1146000	 CONN	4	 2	 up
1147000	 CONN	4	 2	 down
1148000	 CONN	4	 2	 up
1149000	 CONN	4	 2	 down
1150000	 CONN	4	 2	 up
1151000	 CONN	4	 2	 down
1152000	 CONN	4	 2	 up
1153000	 CONN	4	 2	 down
1154000	 CONN	4	 2	 up
1155000	 CONN	4	 2	 down
1156000	 CONN	4	 2	 up
1157000	 CONN	4	 2	 down
1158000	 CONN	4	 2	 up
1159000	 CONN	4	 2	 down
1160000	 CONN	4	 2	 up
1161000	 CONN	4	 2	 down
1162000	 CONN	4	 2	 up
1163000	 CONN	4	 2	 down
1164000	 CONN	4	 2	 up
1165000	 CONN	4	 2	 down
1166000	 CONN	4	 2	 up
1167000	 CONN	4	 2	 down
1168000	 CONN	4	 2	 up
1169000	 CONN	4	 2	 down
1170000	 CONN	4	 2	 up
1171000	 CONN	4	 2	 down
1172000	 CONN	4	 2	 up
1173000	 CONN	4	 2	 down
1174000	 CONN	4	 2	 up
1175000	 CONN	4	 2	 down
1176000	 CONN	4	 2	 up
1177000	 CONN	4	 2	 down
1178000	 CONN	4	 2	 up
1179000	 CONN	4	 2	 down
1180000	 CONN	4	 2	 up
1181000	 CONN	4	 2	 down
1182000	 CONN	4	 2	 up
1183000	 CONN	4	 2	 down
1184000	 CONN	4	 2	 up
1185000	 CONN	4	 2	 down
1186000	 CONN	4	 2	 up
1187000	 CONN	4	 2	 down
1188000	 CONN	4	 2	 up
1189000	 CONN	4	 2	 down
1190000	 CONN	4	 2	 up
1191000	 CONN	4	 2	 down
1192000	 CONN	4	 2	 up
1193000	 CONN	4	 2	 down
1194000	 CONN	4	 2	 up
1195000	 CONN	4	 2	 down
1196000	 CONN	4	 2	 up
1197000	 CONN	4	 2	 down
1198000	 CONN	4	 2	 up
1199000	 CONN	4	 2	 down
1200000	 CONN	4	 2	 up
1201000	 CONN	4	 2	 down
1202000	 CONN	4	 2	 up
1203000	 CONN	4	 2	 down
1204000	 CONN	4	 2	 up
1205000	 CONN	4	 2	 down
1206000	 CONN	4	 2	 up
1207000	 CONN	4	 2	 down
1208000	 CONN	4	 2	 up
1209000	 CONN	4	 2	 down
1210000	 CONN	4	 2	 up
1211000	 CONN	4	 2	 down
1212000	 CONN	4	 2	 up
1213000	 CONN	4	 2	 down
1214000	 CONN	4	 2	 up
1215000	 CONN	4	 2	 down
1216000	 CONN	4	 2	 up
1217000	 CONN	4	 2	 down
1218000	 CONN	4	 2	 up
1219000	 CONN	4	 2	 down
1220000	 CONN	4	 2	 up
1221000	 CONN	4	 2	 down
1222000	 CONN	4	 2	 up
1223000	 CONN	4	 2	 down
1224000	 CONN	4	 2	 up
1225000	 CONN	4	 2	 down
1226000	 CONN	4	 2	 up
1227000	 CONN	4	 2	 down
1228000	 CONN	4	 2	 up
1229000	 CONN	4	 2	 down
1230000	 CONN	4	 2	 up
1231000	 CONN	4	 2	 down
1232000	 CONN	4	 2	 up
1233000	 CONN	4	 2	 down
1234000	 CONN	4	 2	 up
1235000	 CONN	4	 2	 down
1236000	 CONN	4	 2	 up
1237000	 CONN	4	 2	 down
1238000	 CONN	4	 2	 up
1239000	 CONN	4	 2	 down
1240000	 CONN	4	 2	 up
1241000	 CONN	4	 2	 down
1242000	 CONN	4	 2	 up
1243000	 CONN	4	 2	 down
1244000	 CONN	4	 2	 up
1245000	 CONN	4	 2	 down
1246000	 CONN	4	 2	 up
1247000	 CONN	4	 2	 down
1248000	 CONN	4	 2	 up
1249000	 CONN	4	 2	 down
1250000	 CONN	4	 2	 up
1251000	 CONN	4	 2	 down
1252000	 CONN	4	 2	 up
1253000	 CONN	4	 2	 down
1254000	 CONN	4	 2	 up
1255000	 CONN	4	 2	 down
1256000	 CONN	4	 2	 up
1257000	 CONN	4	 2	 down
1258000	 CONN	4	 2	 up
1259000	 CONN	4	 2	 down
1260000	 CONN	4	 2	 up
1261000	 CONN	4	 2	 down
1262000	 CONN	4	 2	 up
1263000	 CONN	4	 2	 down
1264000	 CONN	4	 2	 up
1265000	 CONN	4	 2	 down
1266000	 CONN	4	 2	 up
1267000	 CONN	4	 2	 down
1268000	 CONN	4	 2	 up
1269000	 CONN	4	 2	 down
1270000	 CONN	4	 2	 up
1271000	 CONN	4	 2	 down
1272000	 CONN	4	 2	 up
1273000	 CONN	4	 2	 down
1274000	 CONN	4	 2	 up
1275000	 CONN	4	 2	 down
1276000	 CONN	4	 2	 up
1277000	 CONN	4	 2	 down
1278000	 CONN	4	 2	 up
1279000	 CONN	4	 2	 down
1280000	 CONN	4	 2	 up
1281000	 CONN	4	 2	 down
1282000	 CONN	4	 2	 up
1283000	 CONN	4	 2	 down
1284000	 CONN	4	 2	 up
1285000	 CONN	4	 2	 down
1286000	 CONN	4	 2	 up
1287000	 CONN	4	 2	 down
1288000	 CONN	4	 2	 up
1289000	 CONN	4	 2	 down
1290000	 CONN	4	 2	 up
1291000	 CONN	4	 2	 down
1292000	 CONN	4	 2	 up
1293000	 CONN	4	 2	 down
1294000	 CONN	4	 2	 up
1295000	 CONN	4	 2	 down
1296000	 CONN	4	 2	 up
1297000	 CONN	4	 2	 down
1298000	 CONN	4	 2	 up
1299000	 CONN	4	 2	 down
1300000	 CONN	4	 2	 up
1301000	 CONN	4	 2	 down
1302000	 CONN	4	 2	 up
1303000	 CONN	4	 2	 down
1304000	 CONN	4	 2	 up
1305000	 CONN	4	 2	 down
1306000	 CONN	4	 2	 up
1307000	 CONN	4	 2	 down
1308000	 CONN	4	 2	 up
1309000	 CONN	4	 2	 down
1310000	 CONN	4	 2	 up
1311000	 CONN	4	 2	 down
1312000	 CONN	4	 2	 up
1313000	 CONN	4	 2	 down
1314000	 CONN	4	 2	 up
1315000	 CONN	4	 2	 down
1316000	 CONN	4	 2	 up
1317000	 CONN	4	 2	 down
1318000	 CONN	4	 2	 up
1319000	 CONN	4	 2	 down
1320000	 CONN	4	 2	 up
1321000	 CONN	4	 2	 down
1322000	 CONN	4	 2	 up
1323000	 CONN	4	 2	 down
1324000	 CONN	4	 2	 up
1325000	 CONN	4	 2	 down
1326000	 CONN	4	 2	 up
1327000	 CONN	4	 2	 down
1328000	 CONN	4	 2	 up
1329000	 CONN	4	 2	 down
1330000	 CONN	4	 2	 up
1331000	 CONN	4	 2	 down
1332000	 CONN	4	 2	 up
1333000	 CONN	4	 2	 down
1334000	 CONN	4	 2	 up
1335000	 CONN	4	 2	 down
1336000	 CONN	4	 2	 up
1337000	 CONN	4	 2	 down
1338000	 CONN	4	 2	 up
1339000	 CONN	4	 2	 down
1340000	 CONN	4	 2	 up
1341000	 CONN	4	 2	 down
1342000	 CONN	4	 2	 up
1343000	 CONN	4	 2	 down
1344000	 CONN	4	 2	 up
1345000	 CONN	4	 2	 down
1346000	 CONN	4	 2	 up
1347000	 CONN	4	 2	 down
1348000	 CONN	4	 2	 up
1349000	 CONN	4	 2	 down
1350000	 CONN	4	 2	 up
1351000	 CONN	4	 2	 down
1352000	 CONN	4	 2	 up
1353000	 CONN	4	 2	 down
1354000	 CONN	4	 2	 up
1355000	 CONN	4	 2	 down
1356000	 CONN	4	 2	 up
1357000	 CONN	4	 2	 down
1358000	 CONN	4	 2	 up
1359000	 CONN	4	 2	 down
1360000	 CONN	4	 2	 up
1361000	 CONN	4	 2	 down
1362000	 CONN	4	 2	 up
1363000	 CONN	4	 2	 down
1364000	 CONN	4	 2	 up
1365000	 CONN	4	 2	 down
1366000	 CONN	4	 2	 up
1367000	 CONN	4	 2	 down
1368000	 CONN	4	 2	 up
1369000	 CONN	4	 2	 down
1370000	 CONN	4	 2	 up
1371000	 CONN	4	 2	 down
1372000	 CONN	4	 2	 up
1373000	 CONN	4	 2	 down
1374000	 CONN	4	 2	 up
1375000	 CONN	4	 2	 down
1376000	 CONN	4	 2	 up
1377000	 CONN	4	 2	 down
1378000	 CONN	4	 2	 up
1379000	 CONN	4	 2	 down
1380000	 CONN	4	 2	 up
1381000	 CONN	4	 2	 down
1382000	 CONN	4	 2	 up
1383000	 CONN	4	 2	 down
1384000	 CONN	4	 2	 up
1385000	 CONN	4	 2	 down
1386000	 CONN	4	 2	 up
1387000	 CONN	4	 2	 down
1388000	 CONN	4	 2	 up
1389000	 CONN	4	 2	 down
1390000	 CONN	4	 2	 up
1391000	 CONN	4	 2	 down
1392000	 CONN	4	 2	 up
1393000	 CONN	4	 2	 down
1394000	 CONN	4	 2	 up
1395000	 CONN	4	 2	 down
1396000	 CONN	4	 2	 up
1397000	 CONN	4	 2	 down
1398000	 CONN	4	 2	 up
1399000	 CONN	4	 2	 down
1400000	 CONN	4	 2	 up
1401000	 CONN	4	 2	 down
1402000	 CONN	4	 2	 up
1403000	 CONN	4	 2	 down
1404000	 CONN	4	 2	 up
1405000	 CONN	4	 2	 down
1406000	 CONN	4	 2	 up
1407000	 CONN	4	 2	 down
1408000	 CONN	4	 2	 up
1409000	 CONN	4	 2	 down
1410000	 CONN	4	 2	 up
1411000	 CONN	4	 2	 down
1412000	 CONN	4	 2	 up
1413000	 CONN	4	 2	 down
1414000	 CONN	4	 2	 up
1415000	 CONN	4	 2	 down
1416000	 CONN	4	 2	 up
1417000	 CONN	4	 2	 down
1418000	 CONN	4	 2	 up
1419000	 CONN	4	 2	 down
1420000	 CONN	4	 2	 up
1421000	 CONN	4	 2	 down
1422000	 CONN	4	 2	 up
1423000	 CONN	4	 2	 down
1424000	 CONN	4	 2	 up
1425000	 CONN	4	 2	 down
1426000	 CONN	4	 2	 up
1427000	 CONN	4	 2	 down
1428000	 CONN	4	 2	 up
1429000	 CONN	4	 2	 down
1430000	 CONN	4	 2	 up
1431000	 CONN	4	 2	 down
1432000	 CONN	4	 2	 up
1433000	 CONN	4	 2	 down
1434000	 CONN	4	 2	 up
1435000	 CONN	4	 2	 down
1436000	 CONN	4	 2	 up
1437000	 CONN	4	 2	 down
1438000	 CONN	4	 2	 up
1439000	 CONN	4	 2	 down
1440000	 CONN	4	 2	 up
1441000	 CONN	4	 2	 down
1442000	 CONN	4	 2	 up
1443000	 CONN	4	 2	 down
1444000	 CONN	4	 2	 up
1445000	 CONN	4	 2	 down
1446000	 CONN	4	 2	 up
1447000	 CONN	4	 2	 down
1448000	 CONN	4	 2	 up
1449000	 CONN	4	 2	 down
1450000	 CONN	4	 2	 up
1451000	 CONN	4	 2	 down
1452000	 CONN	4	 2	 up
1453000	 CONN	4	 2	 down
1454000	 CONN	4	 2	 up
1455000	 CONN	4	 2	 down
1456000	 CONN	4	 2	 up
1457000	 CONN	4	 2	 down
1458000	 CONN	4	 2	 up
1459000	 CONN	4	 2	 down
1460000	 CONN	4	 2	 up
1461000	 CONN	4	 2	 down
1462000	 CONN	4	 2	 up
1463000	 CONN	4	 2	 down
1464000	 CONN	4	 2	 up
1465000	 CONN	4	 2	 down
1466000	 CONN	4	 2	 up
1467000	 CONN	4	 2	 down
1468000	 CONN	4	 2	 up
1469000	 CONN	4	 2	 down
1470000	 CONN	4	 2	 up
1471000	 CONN	4	 2	 down
1472000	 CONN	4	 2	 up
1473000	 CONN	4	 2	 down
1474000	 CONN	4	 2	 up
1475000	 CONN	4	 2	 down
1476000	 CONN	4	 2	 up
1477000	 CONN	4	 2	 down
1478000	 CONN	4	 2	 up
1479000	 CONN	4	 2	 down
1480000	 CONN	4	 2	 up
1481000	 CONN	4	 2	 down
1482000	 CONN	4	 2	 up
1483000	 CONN	4	 2	 down
1484000	 CONN	4	 2	 up
1485000	 CONN	4	 2	 down
1486000	 CONN	4	 2	 up
1487000	 CONN	4	 2	 down
1488000	 CONN	4	 2	 up
1489000	 CONN	4	 2	 down
1490000	 CONN	4	 2	 up
1491000	 CONN	4	 2	 down
1492000	 CONN	4	 2	 up
1493000	 CONN	4	 2	 down
1494000	 CONN	4	 2	 up
1495000	 CONN	4	 2	 down
1496000	 CONN	4	 2	 up
1497000	 CONN	4	 2	 down
1498000	 CONN	4	 2	 up
1499000	 CONN	4	 2	 down
1500000	 CONN	4	 2	 up
1501000	 CONN	4	 2	 down
1502000	 CONN	4	 2	 up
1503000	 CONN	4	 2	 down
1504000	 CONN	4	 2	 up
1505000	 CONN	4	 2	 down
1506000	 CONN	4	 2	 up
1507000	 CONN	4	 2	 down
1508000	 CONN	4	 2	 up
1509000	 CONN	4	 2	 down
1510000	 CONN	4	 2	 up
1511000	 CONN	4	 2	 down
1512000	 CONN	4	 2	 up
1513000	 CONN	4	 2	 down
1514000	 CONN	4	 2	 up
1515000	 CONN	4	 2	 down
1516000	 CONN	4	 2	 up
1517000	 CONN	4	 2	 down
1518000	 CONN	4	 2	 up
1519000	 CONN	4	 2	 down
1520000	 CONN	4	 2	 up
1521000	 CONN	4	 2	 down
1522000	 CONN	4	 2	 up
1523000	 CONN	4	 2	 down
1524000	 CONN	4	 2	 up
1525000	 CONN	4	 2	 down
1526000	 CONN	4	 2	 up
1527000	 CONN	4	 2	 down
1528000	 CONN	4	 2	 up
1529000	 CONN	4	 2	 down
1530000	 CONN	4	 2	 up
1531000	 CONN	4	 2	 down
1532000	 CONN	4	 2	 up
1533000	 CONN	4	 2	 down
1534000	 CONN	4	 2	 up
1535000	 CONN	4	 2	 down
1536000	 CONN	4	 2	 up
1537000	 CONN	4	 2	 down
1538000	 CONN	4	 2	 up
1539000	 CONN	4	 2	 down
1540000	 CONN	4	 2	 up
1541000	 CONN	4	 2	 down
1542000	 CONN	4	 2	 up
1543000	 CONN	4	 2	 down
1544000	 CONN	4	 2	 up
1545000	 CONN	4	 2	 down
1546000	 CONN	4	 2	 up
1547000	 CONN	4	 2	 down
1548000	 CONN	4	 2	 up
1549000	 CONN	4	 2	 down
1550000	 CONN	4	 2	 up
1551000	 CONN	4	 2	 down
1552000	 CONN	4	 2	 up
1553000	 CONN	4	 2	 down
1554000	 CONN	4	 2	 up
1555000	 CONN	4	 2	 down
1556000	 CONN	4	 2	 up
1557000	 CONN	4	 2	 down
1558000	 CONN	4	 2	 up
1559000	 CONN	4	 2	 down
1560000	 CONN	4	 2	 up
1561000	 CONN	4	 2	 down
1562000	 CONN	4	 2	 up
1563000	 CONN	4	 2	 down
1564000	 CONN	4	 2	 up
1565000	 CONN	4	 2	 down
1566000	 CONN	4	 2	 up
1567000	 CONN	4	 2	 down
1568000	 CONN	4	 2	 up
1569000	 CONN	4	 2	 down
1570000	 CONN	4	 2	 up
1571000	 CONN	4	 2	 down
1572000	 CONN	4	 2	 up
1573000	 CONN	4	 2	 down
1574000	 CONN	4	 2	 up
1575000	 CONN	4	 2	 down
1576000	 CONN	4	 2	 up
1577000	 CONN	4	 2	 down
1578000	 CONN	4	 2	 up
1579000	 CONN	4	 2	 down
1580000	 CONN	4	 2	 up
1581000	 CONN	4	 2	 down
1582000	 CONN	4	 2	 up
1583000	 CONN	4	 2	 down
1584000	 CONN	4	 2	 up
1585000	 CONN	4	 2	 down
1586000	 CONN	4	 2	 up
1587000	 CONN	4	 2	 down
1588000	 CONN	4	 2	 up
1589000	 CONN	4	 2	 down
1590000	 CONN	4	 2	 up
1591000	 CONN	4	 2	 down
1592000	 CONN	4	 2	 up
1593000	 CONN	4	 2	 down
1594000	 CONN	4	 2	 up
1595000	 CONN	4	 2	 down
1596000	 CONN	4	 2	 up
1597000	 CONN	4	 2	 down
1598000	 CONN	4	 2	 up
1599000	 CONN	4	 2	 down
1600000	 CONN	4	 2	 up
1601000	 CONN	4	 2	 down
1602000	 CONN	4	 2	 up
1603000	 CONN	4	 2	 down
1604000	 CONN	4	 2	 up
1605000	 CONN	4	 2	 down
1606000	 CONN	4	 2	 up
1607000	 CONN	4	 2	 down
1608000	 CONN	4	 2	 up
1609000	 CONN	4	 2	 down
1610000	 CONN	4	 2	 up
1611000	 CONN	4	 2	 down
1612000	 CONN	4	 2	 up
1613000	 CONN	4	 2	 down
1614000	 CONN	4	 2	 up
1615000	 CONN	4	 2	 down
1616000	 CONN	4	 2	 up
1617000	 CONN	4	 2	 down
1618000	 CONN	4	 2	 up
1619000	 CONN	4	 2	 down
1620000	 CONN	4	 2	 up
1621000	 CONN	4	 2	 down
1622000	 CONN	4	 2	 up
1623000	 CONN	4	 2	 down
1624000	 CONN	4	 2	 up
1625000	 CONN	4	 2	 down
1626000	 CONN	4	 2	 up
1627000	 CONN	4	 2	 down
1628000	 CONN	4	 2	 up
1629000	 CONN	4	 2	 down
1630000	 CONN	4	 2	 up
1631000	 CONN	4	 2	 down
1632000	 CONN	4	 2	 up
1633000	 CONN	4	 2	 down
1634000	 CONN	4	 2	 up
1635000	 CONN	4	 2	 down
1636000	 CONN	4	 2	 up
1637000	 CONN	4	 2	 down
1638000	 CONN	4	 2	 up
1639000	 CONN	4	 2	 down
1640000	 CONN	4	 2	 up
1641000	 CONN	4	 2	 down
1642000	 CONN	4	 2	 up
1643000	 CONN	4	 2	 down
1644000	 CONN	4	 2	 up
1645000	 CONN	4	 2	 down
1646000	 CONN	4	 2	 up
1647000	 CONN	4	 2	 down
1648000	 CONN	4	 2	 up
1649000	 CONN	4	 2	 down
1650000	 CONN	4	 2	 up
1651000	 CONN	4	 2	 down
1652000	 CONN	4	 2	 up
1653000	 CONN	4	 2	 down
1654000	 CONN	4	 2	 up
1655000	 CONN	4	 2	 down
1656000	 CONN	4	 2	 up
1657000	 CONN	4	 2	 down
1658000	 CONN	4	 2	 up
1659000	 CONN	4	 2	 down
1660000	 CONN	4	 2	 up
1661000	 CONN	4	 2	 down
1662000	 CONN	4	 2	 up
1663000	 CONN	4	 2	 down
1664000	 CONN	4	 2	 up
1665000	 CONN	4	 2	 down
1666000	 CONN	4	 2	 up
1667000	 CONN	4	 2	 down
1668000	 CONN	4	 2	 up
1669000	 CONN	4	 2	 down
1670000	 CONN	4	 2	 up
1671000	 CONN	4	 2	 down
1672000	 CONN	4	 2	 up
1673000	 CONN	4	 2	 down
1674000	 CONN	4	 2	 up
1675000	 CONN	4	 2	 down
1676000	 CONN	4	 2	 up
1677000	 CONN	4	 2	 down
1678000	 CONN	4	 2	 up
1679000	 CONN	4	 2	 down
1680000	 CONN	4	 2	 up
1681000	 CONN	4	 2	 down
1682000	 CONN	4	 2	 up
1683000	 CONN	4	 2	 down
1684000	 CONN	4	 2	 up
1685000	 CONN	4	 2	 down
1686000	 CONN	4	 2	 up
1687000	 CONN	4	 2	 down
1688000	 CONN	4	 2	 up
1689000	 CONN	4	 2	 down
1690000	 CONN	4	 2	 up
1691000	 CONN	4	 2	 down
1692000	 CONN	4	 2	 up
1693000	 CONN	4	 2	 down
1694000	 CONN	4	 2	 up
1695000	 CONN	4	 2	 down
1696000	 CONN	4	 2	 up
1697000	 CONN	4	 2	 down
1698000	 CONN	4	 2	 up
1699000	 CONN	4	 2	 down
1700000	 CONN	4	 2	 up
1701000	 CONN	4	 2	 down
1702000	 CONN	4	 2	 up
1703000	 CONN	4	 2	 down
1704000	 CONN	4	 2	 up
1705000	 CONN	4	 2	 down
1706000	 CONN	4	 2	 up
1707000	 CONN	4	 2	 down
1708000	 CONN	4	 2	 up
1709000	 CONN	4	 2	 down
1710000	 CONN	4	 2	 up
1711000	 CONN	4	 2	 down
1712000	 CONN	4	 2	 up
1713000	 CONN	4	 2	 down
1714000	 CONN	4	 2	 up
1715000	 CONN	4	 2	 down
1716000	 CONN	4	 2	 up
1717000	 CONN	4	 2	 down
1718000	 CONN	4	 2	 up
1719000	 CONN	4	 2	 down
1720000	 CONN	4	 2	 up
1721000	 CONN	4	 2	 down
1722000	 CONN	4	 2	 up
1723000	 CONN	4	 2	 down
1724000	 CONN	4	 2	 up
1725000	 CONN	4	 2	 down
1726000	 CONN	4	 2	 up
1727000	 CONN	4	 2	 down
1728000	 CONN	4	 2	 up
1729000	 CONN	4	 2	 down
1730000	 CONN	4	 2	 up
1731000	 CONN	4	 2	 down
1732000	 CONN	4	 2	 up
1733000	 CONN	4	 2	 down
1734000	 CONN	4	 2	 up
1735000	 CONN	4	 2	 down
1736000	 CONN	4	 2	 up
1737000	 CONN	4	 2	 down
1738000	 CONN	4	 2	 up
1739000	 CONN	4	 2	 down
1740000	 CONN	4	 2	 up
1741000	 CONN	4	 2	 down
1742000	 CONN	4	 2	 up
1743000	 CONN	4	 2	 down
1744000	 CONN	4	 2	 up
1745000	 CONN	4	 2	 down
1746000	 CONN	4	 2	 up
1747000	 CONN	4	 2	 down
1748000	 CONN	4	 2	 up
1749000	 CONN	4	 2	 down
1750000	 CONN	4	 2	 up
1751000	 CONN	4	 2	 down
1752000	 CONN	4	 2	 up
1753000	 CONN	4	 2	 down
1754000	 CONN	4	 2	 up
1755000	 CONN	4	 2	 down
1756000	 CONN	4	 2	 up
1757000	 CONN	4	 2	 down
1758000	 CONN	4	 2	 up
1759000	 CONN	4	 2	 down
1760000	 CONN	4	 2	 up
1761000	 CONN	4	 2	 down
1762000	 CONN	4	 2	 up
1763000	 CONN	4	 2	 down
1764000	 CONN	4	 2	 up
1765000	 CONN	4	 2	 down
1766000	 CONN	4	 2	 up
1767000	 CONN	4	 2	 down
1768000	 CONN	4	 2	 up
1769000	 CONN	4	 2	 down
1770000	 CONN	4	 2	 up
1771000	 CONN	4	 2	 down
1772000	 CONN	4	 2	 up
1773000	 CONN	4	 2	 down
1774000	 CONN	4	 2	 up
1775000	 CONN	4	 2	 down
1776000	 CONN	4	 2	 up
1777000	 CONN	4	 2	 down
1778000	 CONN	4	 2	 up
1779000	 CONN	4	 2	 down
1780000	 CONN	4	 2	 up
1781000	 CONN	4	 2	 down
1782000	 CONN	4	 2	 up
1783000	 CONN	4	 2	 down
1784000	 CONN	4	 2	 up
1785000	 CONN	4	 2	 down
1786000	 CONN	4	 2	 up
1787000	 CONN	4	 2	 down
1788000	 CONN	4	 2	 up
1789000	 CONN	4	 2	 down
1790000	 CONN	4	 2	 up
1791000	 CONN	4	 2	 down
1792000	 CONN	4	 2	 up
1793000	 CONN	4	 2	 down
1794000	 CONN	4	 2	 up
1795000	 CONN	4	 2	 down
1796000	 CONN	4	 2	 up
1797000	 CONN	4	 2	 down
1798000	 CONN	4	 2	 up
1799000	 CONN	4	 2	 down
1800000	 CONN	4	 2	 up
1801000	 CONN	4	 2	 down
1802000	 CONN	4	 2	 up
1803000	 CONN	4	 2	 down
1804000	 CONN	4	 2	 up
1805000	 CONN	4	 2	 down
1806000	 CONN	4	 2	 up
1807000	 CONN	4	 2	 down
1808000	 CONN	4	 2	 up
1809000	 CONN	4	 2	 down
1810000	 CONN	4	 2	 up
1811000	 CONN	4	 2	 down
1812000	 CONN	4	 2	 up
1813000	 CONN	4	 2	 down
1814000	 CONN	4	 2	 up
1815000	 CONN	4	 2	 down
1816000	 CONN	4	 2	 up
1817000	 CONN	4	 2	 down
1818000	 CONN	4	 2	 up
1819000	 CONN	4	 2	 down
1820000	 CONN	4	 2	 up
1821000	 CONN	4	 2	 down
1822000	 CONN	4	 2	 up
1823000	 CONN	4	 2	 down
1824000	 CONN	4	 2	 up
1825000	 CONN	4	 2	 down
1826000	 CONN	4	 2	 up
1827000	 CONN	4	 2	 down
1828000	 CONN	4	 2	 up
1829000	 CONN	4	 2	 down
1830000	 CONN	4	 2	 up
1831000	 CONN	4	 2	 down
1832000	 CONN	4	 2	 up
1833000	 CONN	4	 2	 down
1834000	 CONN	4	 2	 up
1835000	 CONN	4	 2	 down
1836000	 CONN	4	 2	 up
1837000	 CONN	4	 2	 down
1838000	 CONN	4	 2	 up
1839000	 CONN	4	 2	 down
1840000	 CONN	4	 2	 up
1841000	 CONN	4	 2	 down
1842000	 CONN	4	 2	 up
1843000	 CONN	4	 2	 down
1844000	 CONN	4	 2	 up
1845000	 CONN	4	 2	 down
1846000	 CONN	4	 2	 up
1847000	 CONN	4	 2	 down
1848000	 CONN	4	 2	 up
1849000	 CONN	4	 2	 down
1850000	 CONN	4	 2	 up
1851000	 CONN	4	 2	 down
1852000	 CONN	4	 2	 up
1853000	 CONN	4	 2	 down
1854000	 CONN	4	 2	 up
1855000	 CONN	4	 2	 down
1856000	 CONN	4	 2	 up
1857000	 CONN	4	 2	 down
1858000	 CONN	4	 2	 up
1859000	 CONN	4	 2	 down
1860000	 CONN	4	 2	 up
1861000	 CONN	4	 2	 down
1862000	 CONN	4	 2	 up
1863000	 CONN	4	 2	 down
1864000	 CONN	4	 2	 up
1865000	 CONN	4	 2	 down
1866000	 CONN	4	 2	 up
1867000	 CONN	4	 2	 down
1868000	 CONN	4	 2	 up
1869000	 CONN	4	 2	 down
1870000	 CONN	4	 2	 up
1871000	 CONN	4	 2	 down
1872000	 CONN	4	 2	 up
1873000	 CONN	4	 2	 down
1874000	 CONN	4	 2	 up
1875000	 CONN	4	 2	 down
1876000	 CONN	4	 2	 up
1877000	 CONN	4	 2	 down
1878000	 CONN	4	 2	 up
1879000	 CONN	4	 2	 down
1880000	 CONN	4	 2	 up
1881000	 CONN	4	 2	 down
1882000	 CONN	4	 2	 up
1883000	 CONN	4	 2	 down
1884000	 CONN	4	 2	 up
1885000	 CONN	4	 2	 down
1886000	 CONN	4	 2	 up
1887000	 CONN	4	 2	 down
1888000	 CONN	4	 2	 up
1889000	 CONN	4	 2	 down
1890000	 CONN	4	 2	 up
1891000	 CONN	4	 2	 down
1892000	 CONN	4	 2	 up
1893000	 CONN	4	 2	 down
1894000	 CONN	4	 2	 up
1895000	 CONN	4	 2	 down
1896000	 CONN	4	 2	 up
1897000	 CONN	4	 2	 down
1898000	 CONN	4	 2	 up
1899000	 CONN	4	 2	 down
1900000	 CONN	4	 2	 up
1901000	 CONN	4	 2	 down
1902000	 CONN	4	 2	 up
1903000	 CONN	4	 2	 down
1904000	 CONN	4	 2	 up
1905000	 CONN	4	 2	 down
1906000	 CONN	4	 2	 up
1907000	 CONN	4	 2	 down
1908000	 CONN	4	 2	 up
1909000	 CONN	4	 2	 down
1910000	 CONN	4	 2	 up
1911000	 CONN	4	 2	 down
1912000	 CONN	4	 2	 up
1913000	 CONN	4	 2	 down
1914000	 CONN	4	 2	 up
1915000	 CONN	4	 2	 down
1916000	 CONN	4	 2	 up
1917000	 CONN	4	 2	 down
1918000	 CONN	4	 2	 up
1919000	 CONN	4	 2	 down
1920000	 CONN	4	 2	 up
1921000	 CONN	4	 2	 down
1922000	 CONN	4	 2	 up
1923000	 CONN	4	 2	 down
1924000	 CONN	4	 2	 up
1925000	 CONN	4	 2	 down
1926000	 CONN	4	 2	 up
1927000	 CONN	4	 2	 down
1928000	 CONN	4	 2	 up
1929000	 CONN	4	 2	 down
1930000	 CONN	4	 2	 up
1931000	 CONN	4	 2	 down
1932000	 CONN	4	 2	 up
1933000	 CONN	4	 2	 down
1934000	 CONN	4	 2	 up
1935000	 CONN	4	 2	 down
1936000	 CONN	4	 2	 up
1937000	 CONN	4	 2	 down
1938000	 CONN	4	 2	 up
1939000	 CONN	4	 2	 down
1940000	 CONN	4	 2	 up
1941000	 CONN	4	 2	 down
1942000	 CONN	4	 2	 up
1943000	 CONN	4	 2	 down
1944000	 CONN	4	 2	 up
1945000	 CONN	4	 2	 down
1946000	 CONN	4	 2	 up
1947000	 CONN	4	 2	 down
1948000	 CONN	4	 2	 up
1949000	 CONN	4	 2	 down
1950000	 CONN	4	 2	 up
1951000	 CONN	4	 2	 down
1952000	 CONN	4	 2	 up
1953000	 CONN	4	 2	 down
1954000	 CONN	4	 2	 up
1955000	 CONN	4	 2	 down
1956000	 CONN	4	 2	 up
1957000	 CONN	4	 2	 down
1958000	 CONN	4	 2	 up
1959000	 CONN	4	 2	 down
1960000	 CONN	4	 2	 up
1961000	 CONN	4	 2	 down
1962000	 CONN	4	 2	 up
1963000	 CONN	4	 2	 down
1964000	 CONN	4	 2	 up
1965000	 CONN	4	 2	 down
1966000	 CONN	4	 2	 up
1967000	 CONN	4	 2	 down
1968000	 CONN	4	 2	 up
1969000	 CONN	4	 2	 down
1970000	 CONN	4	 2	 up
1971000	 CONN	4	 2	 down
1972000	 CONN	4	 2	 up
1973000	 CONN	4	 2	 down
1974000	 CONN	4	 2	 up
1975000	 CONN	4	 2	 down
1976000	 CONN	4	 2	 up
1977000	 CONN	4	 2	 down
1978000	 CONN	4	 2	 up
1979000	 CONN	4	 2	 down
1980000	 CONN	4	 2	 up
1981000	 CONN	4	 2	 down
1982000	 CONN	4	 2	 up
1983000	 CONN	4	 2	 down
1984000	 CONN	4	 2	 up
1985000	 CONN	4	 2	 down
1986000	 CONN	4	 2	 up
1987000	 CONN	4	 2	 down
1988000	 CONN	4	 2	 up
1989000	 CONN	4	 2	 down
1990000	 CONN	4	 2	 up
1991000	 CONN	4	 2	 down
1992000	 CONN	4	 2	 up
1993000	 CONN	4	 2	 down
1994000	 CONN	4	 2	 up
1995000	 CONN	4	 2	 down
1996000	 CONN	4	 2	 up
1997000	 CONN	4	 2	 down
1998000	 CONN	4	 2	 up
1999000	 CONN	4	 2	 down
2000000	 CONN	4	 2	 up
2001000	 CONN	4	 2	 down
2002000	 CONN	4	 2	 up
2003000	 CONN	4	 2	 down
2004000	 CONN	4	 2	 up
2005000	 CONN	4	 2	 down
2006000	 CONN	4	 2	 up
2007000	 CONN	4	 2	 down
2008000	 CONN	4	 2	 up
2009000	 CONN	4	 2	 down
2010000	 CONN	4	 2	 up
2011000	 CONN	4	 2	 down
2012000	 CONN	4	 2	 up
2013000	 CONN	4	 2	 down
2014000	 CONN	4	 2	 up
2015000	 CONN	4	 2	 down
2016000	 CONN	4	 2	 up
2017000	 CONN	4	 2	 down
2018000	 CONN	4	 2	 up
2019000	 CONN	4	 2	 down
2020000	 CONN	4	 2	 up
2021000	 CONN	4	 2	 down
2022000	 CONN	4	 2	 up
2023000	 CONN	4	 2	 down
2024000	 CONN	4	 2	 up
2025000	 CONN	4	 2	 down
2026000	 CONN	4	 2	 up
2027000	 CONN	4	 2	 down
2028000	 CONN	4	 2	 up
2029000	 CONN	4	 2	 down
2030000	 CONN	4	 2	 up
2031000	 CONN	4	 2	 down
2032000	 CONN	4	 2	 up
2033000	 CONN	4	 2	 down
2034000	 CONN	4	 2	 up
2035000	 CONN	4	 2	 down
2036000	 CONN	4	 2	 up
2037000	 CONN	4	 2	 down
2038000	 CONN	4	 2	 up
2039000	 CONN	4	 2	 down
2040000	 CONN	4	 2	 up
2041000	 CONN	4	 2	 down
2042000	 CONN	4	 2	 up
2043000	 CONN	4	 2	 down
2044000	 CONN	4	 2	 up
2045000	 CONN	4	 2	 down
2046000	 CONN	4	 2	 up
2047000	 CONN	4	 2	 down
2048000	 CONN	4	 2	 up
2049000	 CONN	4	 2	 down
2050000	 CONN	4	 2	 up
2051000	 CONN	4	 2	 down
2052000	 CONN	4	 2	 up
2053000	 CONN	4	 2	 down
2054000	 CONN	4	 2	 up
2055000	 CONN	4	 2	 down
2056000	 CONN	4	 2	 up
2057000	 CONN	4	 2	 down
2058000	 CONN	4	 2	 up
2059000	 CONN	4	 2	 down
2060000	 CONN	4	 2	 up
2061000	 CONN	4	 2	 down
2062000	 CONN	4	 2	 up
2063000	 CONN	4	 2	 down
2064000	 CONN	4	 2	 up
2065000	 CONN	4	 2	 down
2066000	 CONN	4	 2	 up
2067000	 CONN	4	 2	 down
2068000	 CONN	4	 2	 up
2069000	 CONN	4	 2	 down
2070000	 CONN	4	 2	 up
2071000	 CONN	4	 2	 down
2072000	 CONN	4	 2	 up
2073000	 CONN	4	 2	 down
2074000	 CONN	4	 2	 up
2075000	 CONN	4	 2	 down
2076000	 CONN	4	 2	 up
2077000	 CONN	4	 2	 down
2078000	 CONN	4	 2	 up
2079000	 CONN	4	 2	 down
2080000	 CONN	4	 2	 up
2081000	 CONN	4	 2	 down
2082000	 CONN	4	 2	 up
2083000	 CONN	4	 2	 down
2084000	 CONN	4	 2	 up
2085000	 CONN	4	 2	 down
2086000	 CONN	4	 2	 up
2087000	 CONN	4	 2	 down
2088000	 CONN	4	 2	 up
2089000	 CONN	4	 2	 down
2090000	 CONN	4	 2	 up
2091000	 CONN	4	 2	 down
2092000	 CONN	4	 2	 up
2093000	 CONN	4	 2	 down
2094000	 CONN	4	 2	 up
2095000	 CONN	4	 2	 down
2096000	 CONN	4	 2	 up
2097000	 CONN	4	 2	 down
2098000	 CONN	4	 2	 up
2099000	 CONN	4	 2	 down
2100000	 CONN	4	 2	 up
2101000	 CONN	4	 2	 down
2102000	 CONN	4	 2	 up
2103000	 CONN	4	 2	 down
2104000	 CONN	4	 2	 up
2105000	 CONN	4	 2	 down
2106000	 CONN	4	 2	 up
2107000	 CONN	4	 2	 down
2108000	 CONN	4	 2	 up
2109000	 CONN	4	 2	 down
2110000	 CONN	4	 2	 up
2111000	 CONN	4	 2	 down
2112000	 CONN	4	 2	 up
2113000	 CONN	4	 2	 down
2114000	 CONN	4	 2	 up
2115000	 CONN	4	 2	 down
2116000	 CONN	4	 2	 up
2117000	 CONN	4	 2	 down
2118000	 CONN	4	 2	 up
2119000	 CONN	4	 2	 down
2120000	 CONN	4	 2	 up
2121000	 CONN	4	 2	 down
2122000	 CONN	4	 2	 up
2123000	 CONN	4	 2	 down
2124000	 CONN	4	 2	 up
2125000	 CONN	4	 2	 down
2126000	 CONN	4	 2	 up
2127000	 CONN	4	 2	 down
2128000	 CONN	4	 2	 up
2129000	 CONN	4	 2	 down
2130000	 CONN	4	 2	 up
2131000	 CONN	4	 2	 down
2132000	 CONN	4	 2	 up
2133000	 CONN	4	 2	 down
2134000	 CONN	4	 2	 up
2135000	 CONN	4	 2	 down
2136000	 CONN	4	 2	 up
2137000	 CONN	4	 2	 down
2138000	 CONN	4	 2	 up
2139000	 CONN	4	 2	 down
2140000	 CONN	4	 2	 up
2141000	 CONN	4	 2	 down
2142000	 CONN	4	 2	 up
2143000	 CONN	4	 2	 down
2144000	 CONN	4	 2	 up
2145000	 CONN	4	 2	 down
2146000	 CONN	4	 2	 up
2147000	 CONN	4	 2	 down
2148000	 CONN	4	 2	 up
2149000	 CONN	4	 2	 down
2150000	 CONN	4	 2	 up
2151000	 CONN	4	 2	 down
2152000	 CONN	4	 2	 up
2153000	 CONN	4	 2	 down
2154000	 CONN	4	 2	 up
2155000	 CONN	4	 2	 down
2156000	 CONN	4	 2	 up
2157000	 CONN	4	 2	 down
2158000	 CONN	4	 2	 up
2159000	 CONN	4	 2	 down
2160000	 CONN	4	 2	 up
2161000	 CONN	4	 2	 down
2162000	 CONN	4	 2	 up
2163000	 CONN	4	 2	 down
2164000	 CONN	4	 2	 up
2165000	 CONN	4	 2	 down
2166000	 CONN	4	 2	 up
2167000	 CONN	4	 2	 down
2168000	 CONN	4	 2	 up
2169000	 CONN	4	 2	 down
2170000	 CONN	4	 2	 up
2171000	 CONN	4	 2	 down
2172000	 CONN	4	 2	 up
2173000	 CONN	4	 2	 down
2174000	 CONN	4	 2	 up
2175000	 CONN	4	 2	 down
2176000	 CONN	4	 2	 up
2177000	 CONN	4	 2	 down
2178000	 CONN	4	 2	 up
2179000	 CONN	4	 2	 down
2180000	 CONN	4	 2	 up
2181000	 CONN	4	 2	 down
2182000	 CONN	4	 2	 up
2183000	 CONN	4	 2	 down
2184000	 CONN	4	 2	 up
2185000	 CONN	4	 2	 down
2186000	 CONN	4	 2	 up
2187000	 CONN	4	 2	 down
2188000	 CONN	4	 2	 up
2189000	 CONN	4	 2	 down
2190000	 CONN	4	 2	 up
2191000	 CONN	4	 2	 down
2192000	 CONN	4	 2	 up
2193000	 CONN	4	 2	 down
2194000	 CONN	4	 2	 up
2195000	 CONN	4	 2	 down
2196000	 CONN	4	 2	 up
2197000	 CONN	4	 2	 down
2198000	 CONN	4	 2	 up
2199000	 CONN	4	 2	 down
2200000	 CONN	4	 2	 up
2201000	 CONN	4	 2	 down
2202000	 CONN	4	 2	 up
2203000	 CONN	4	 2	 down
2204000	 CONN	4	 2	 up
2205000	 CONN	4	 2	 down
2206000	 CONN	4	 2	 up
2207000	 CONN	4	 2	 down
2208000	 CONN	4	 2	 up
2209000	 CONN	4	 2	 down
2210000	 CONN	4	 2	 up
2211000	 CONN	4	 2	 down
2212000	 CONN	4	 2	 up
2213000	 CONN	4	 2	 down
2214000	 CONN	4	 2	 up
2215000	 CONN	4	 2	 down
2216000	 CONN	4	 2	 up
2217000	 CONN	4	 2	 down
2218000	 CONN	4	 2	 up
2219000	 CONN	4	 2	 down
2220000	 CONN	4	 2	 up
2221000	 CONN	4	 2	 down
2222000	 CONN	4	 2	 up
2223000	 CONN	4	 2	 down
2224000	 CONN	4	 2	 up
2225000	 CONN	4	 2	 down
2226000	 CONN	4	 2	 up
2227000	 CONN	4	 2	 down
2228000	 CONN	4	 2	 up
2229000	 CONN	4	 2	 down
2230000	 CONN	4	 2	 up
2231000	 CONN	4	 2	 down
2232000	 CONN	4	 2	 up
2233000	 CONN	4	 2	 down
2234000	 CONN	4	 2	 up
2235000	 CONN	4	 2	 down
2236000	 CONN	4	 2	 up
2237000	 CONN	4	 2	 down
2238000	 CONN	4	 2	 up
2239000	 CONN	4	 2	 down
2240000	 CONN	4	 2	 up
2241000	 CONN	4	 2	 down
2242000	 CONN	4	 2	 up
2243000	 CONN	4	 2	 down
2244000	 CONN	4	 2	 up
2245000	 CONN	4	 2	 down
2246000	 CONN	4	 2	 up
2247000	 CONN	4	 2	 down
2248000	 CONN	4	 2	 up
2249000	 CONN	4	 2	 down
2250000	 CONN	4	 2	 up
2251000	 CONN	4	 2	 down
2252000	 CONN	4	 2	 up
2253000	 CONN	4	 2	 down
2254000	 CONN	4	 2	 up
2255000	 CONN	4	 2	 down
2256000	 CONN	4	 2	 up
2257000	 CONN	4	 2	 down
2258000	 CONN	4	 2	 up
2259000	 CONN	4	 2	 down
2260000	 CONN	4	 2	 up
2261000	 CONN	4	 2	 down
2262000	 CONN	4	 2	 up
2263000	 CONN	4	 2	 down
2264000	 CONN	4	 2	 up
2265000	 CONN	4	 2	 down
2266000	 CONN	4	 2	 up
2267000	 CONN	4	 2	 down
2268000	 CONN	4	 2	 up
2269000	 CONN	4	 2	 down
2270000	 CONN	4	 2	 up
2271000	 CONN	4	 2	 down
2272000	 CONN	4	 2	 up
2273000	 CONN	4	 2	 down
2274000	 CONN	4	 2	 up
2275000	 CONN	4	 2	 down
2276000	 CONN	4	 2	 up
2277000	 CONN	4	 2	 down
2278000	 CONN	4	 2	 up
2279000	 CONN	4	 2	 down
2280000	 CONN	4	 2	 up
2281000	 CONN	4	 2	 down
2282000	 CONN	4	 2	 up
2283000	 CONN	4	 2	 down
2284000	 CONN	4	 2	 up
2285000	 CONN	4	 2	 down
2286000	 CONN	4	 2	 up
2287000	 CONN	4	 2	 down
2288000	 CONN	4	 2	 up
2289000	 CONN	4	 2	 down
2290000	 CONN	4	 2	 up
2291000	 CONN	4	 2	 down
2292000	 CONN	4	 2	 up
2293000	 CONN	4	 2	 down
2294000	 CONN	4	 2	 up
2295000	 CONN	4	 2	 down
2296000	 CONN	4	 2	 up
2297000	 CONN	4	 2	 down
2298000	 CONN	4	 2	 up
2299000	 CONN	4	 2	 down
2300000	 CONN	4	 2	 up
2301000	 CONN	4	 2	 down
2302000	 CONN	4	 2	 up
2303000	 CONN	4	 2	 down
2304000	 CONN	4	 2	 up
2305000	 CONN	4	 2	 down
2306000	 CONN	4	 2	 up
2307000	 CONN	4	 2	 down
2308000	 CONN	4	 2	 up
2309000	 CONN	4	 2	 down
2310000	 CONN	4	 2	 up
2311000	 CONN	4	 2	 down
2312000	 CONN	4	 2	 up
2313000	 CONN	4	 2	 down
2314000	 CONN	4	 2	 up
2315000	 CONN	4	 2	 down
2316000	 CONN	4	 2	 up
2317000	 CONN	4	 2	 down
2318000	 CONN	4	 2	 up
2319000	 CONN	4	 2	 down
2320000	 CONN	4	 2	 up
2321000	 CONN	4	 2	 down
2322000	 CONN	4	 2	 up
2323000	 CONN	4	 2	 down
2324000	 CONN	4	 2	 up
2325000	 CONN	4	 2	 down
2326000	 CONN	4	 2	 up
2327000	 CONN	4	 2	 down
2328000	 CONN	4	 2	 up
2329000	 CONN	4	 2	 down
2330000	 CONN	4	 2	 up
2331000	 CONN	4	 2	 down
2332000	 CONN	4	 2	 up
2333000	 CONN	4	 2	 down
2334000	 CONN	4	 2	 up
2335000	 CONN	4	 2	 down
2336000	 CONN	4	 2	 up
2337000	 CONN	4	 2	 down
2338000	 CONN	4	 2	 up
2339000	 CONN	4	 2	 down
2340000	 CONN	4	 2	 up
2341000	 CONN	4	 2	 down
2342000	 CONN	4	 2	 up
2343000	 CONN	4	 2	 down
2344000	 CONN	4	 2	 up
2345000	 CONN	4	 2	 down
2346000	 CONN	4	 2	 up
2347000	 CONN	4	 2	 down
2348000	 CONN	4	 2	 up
2349000	 CONN	4	 2	 down
2350000	 CONN	4	 2	 up
2351000	 CONN	4	 2	 down
2352000	 CONN	4	 2	 up
2353000	 CONN	4	 2	 down
2354000	 CONN	4	 2	 up
2355000	 CONN	4	 2	 down
2356000	 CONN	4	 2	 up
2357000	 CONN	4	 2	 down
2358000	 CONN	4	 2	 up
2359000	 CONN	4	 2	 down
2360000	 CONN	4	 2	 up
2361000	 CONN	4	 2	 down
2362000	 CONN	4	 2	 up
2363000	 CONN	4	 2	 down
2364000	 CONN	4	 2	 up
2365000	 CONN	4	 2	 down
2366000	 CONN	4	 2	 up
2367000	 CONN	4	 2	 down
2368000	 CONN	4	 2	 up
2369000	 CONN	4	 2	 down
2370000	 CONN	4	 2	 up
2371000	 CONN	4	 2	 down
2372000	 CONN	4	 2	 up
2373000	 CONN	4	 2	 down
2374000	 CONN	4	 2	 up
2375000	 CONN	4	 2	 down
2376000	 CONN	4	 2	 up
2377000	 CONN	4	 2	 down
2378000	 CONN	4	 2	 up
2379000	 CONN	4	 2	 down
2380000	 CONN	4	 2	 up
2381000	 CONN	4	 2	 down
2382000	 CONN	4	 2	 up
2383000	 CONN	4	 2	 down
2384000	 CONN	4	 2	 up
2385000	 CONN	4	 2	 down
2386000	 CONN	4	 2	 up
2387000	 CONN	4	 2	 down
2388000	 CONN	4	 2	 up
2389000	 CONN	4	 2	 down
2390000	 CONN	4	 2	 up
2391000	 CONN	4	 2	 down
2392000	 CONN	4	 2	 up
2393000	 CONN	4	 2	 down
2394000	 CONN	4	 2	 up
2395000	 CONN	4	 2	 down
2396000	 CONN	4	 2	 up
2397000	 CONN	4	 2	 down
2398000	 CONN	4	 2	 up
2399000	 CONN	4	 2	 down
2400000	 CONN	4	 2	 up
2401000	 CONN	4	 2	 down
2402000	 CONN	4	 2	 up
2403000	 CONN	4	 2	 down
2404000	 CONN	4	 2	 up
2405000	 CONN	4	 2	 down
2406000	 CONN	4	 2	 up
2407000	 CONN	4	 2	 down
2408000	 CONN	4	 2	 up
2409000	 CONN	4	 2	 down
2410000	 CONN	4	 2	 up
2411000	 CONN	4	 2	 down
2412000	 CONN	4	 2	 up
2413000	 CONN	4	 2	 down
2414000	 CONN	4	 2	 up
2415000	 CONN	4	 2	 down
2416000	 CONN	4	 2	 up
2417000	 CONN	4	 2	 down
2418000	 CONN	4	 2	 up
2419000	 CONN	4	 2	 down
2420000	 CONN	4	 2	 up
2421000	 CONN	4	 2	 down
2422000	 CONN	4	 2	 up
2423000	 CONN	4	 2	 down
2424000	 CONN	4	 2	 up
2425000	 CONN	4	 2	 down
2426000	 CONN	4	 2	 up
2427000	 CONN	4	 2	 down
2428000	 CONN	4	 2	 up
2429000	 CONN	4	 2	 down
2430000	 CONN	4	 2	 up
2431000	 CONN	4	 2	 down
2432000	 CONN	4	 2	 up
2433000	 CONN	4	 2	 down
2434000	 CONN	4	 2	 up
2435000	 CONN	4	 2	 down
2436000	 CONN	4	 2	 up
2437000	 CONN	4	 2	 down
2438000	 CONN	4	 2	 up
2439000	 CONN	4	 2	 down
2440000	 CONN	4	 2	 up
2441000	 CONN	4	 2	 down
2442000	 CONN	4	 2	 up
2443000	 CONN	4	 2	 down
2444000	 CONN	4	 2	 up
2445000	 CONN	4	 2	 down
2446000	 CONN	4	 2	 up
2447000	 CONN	4	 2	 down
2448000	 CONN	4	 2	 up
2449000	 CONN	4	 2	 down
2450000	 CONN	4	 2	 up
2451000	 CONN	4	 2	 down
2452000	 CONN	4	 2	 up
2453000	 CONN	4	 2	 down
2454000	 CONN	4	 2	 up
2455000	 CONN	4	 2	 down
2456000	 CONN	4	 2	 up
2457000	 CONN	4	 2	 down
2458000	 CONN	4	 2	 up
2459000	 CONN	4	 2	 down
2460000	 CONN	4	 2	 up
2461000	 CONN	4	 2	 down
2462000	 CONN	4	 2	 up
2463000	 CONN	4	 2	 down
2464000	 CONN	4	 2	 up
2465000	 CONN	4	 2	 down
2466000	 CONN	4	 2	 up
2467000	 CONN	4	 2	 down
2468000	 CONN	4	 2	 up
2469000	 CONN	4	 2	 down
2470000	 CONN	4	 2	 up
2471000	 CONN	4	 2	 down
2472000	 CONN	4	 2	 up
2473000	 CONN	4	 2	 down
2474000	 CONN	4	 2	 up
2475000	 CONN	4	 2	 down
2476000	 CONN	4	 2	 up
2477000	 CONN	4	 2	 down
2478000	 CONN	4	 2	 up
2479000	 CONN	4	 2	 down
2480000	 CONN	4	 2	 up
2481000	 CONN	4	 2	 down
2482000	 CONN	4	 2	 up
2483000	 CONN	4	 2	 down
2484000	 CONN	4	 2	 up
2485000	 CONN	4	 2	 down
2486000	 CONN	4	 2	 up
2487000	 CONN	4	 2	 down
2488000	 CONN	4	 2	 up
2489000	 CONN	4	 2	 down
2490000	 CONN	4	 2	 up
2491000	 CONN	4	 2	 down
2492000	 CONN	4	 2	 up
2493000	 CONN	4	 2	 down
2494000	 CONN	4	 2	 up
2495000	 CONN	4	 2	 down
2496000	 CONN	4	 2	 up
2497000	 CONN	4	 2	 down
2498000	 CONN	4	 2	 up
2499000	 CONN	4	 2	 down
2500000	 CONN	4	 2	 up
2501000	 CONN	4	 2	 down
2502000	 CONN	4	 2	 up
2503000	 CONN	4	 2	 down
2504000	 CONN	4	 2	 up
2505000	 CONN	4	 2	 down
2506000	 CONN	4	 2	 up
2507000	 CONN	4	 2	 down
2508000	 CONN	4	 2	 up
2509000	 CONN	4	 2	 down
2510000	 CONN	4	 2	 up
2511000	 CONN	4	 2	 down
2512000	 CONN	4	 2	 up
2513000	 CONN	4	 2	 down
2514000	 CONN	4	 2	 up
2515000	 CONN	4	 2	 down
2516000	 CONN	4	 2	 up
2517000	 CONN	4	 2	 down
2518000	 CONN	4	 2	 up
2519000	 CONN	4	 2	 down
2520000	 CONN	4	 2	 up
2521000	 CONN	4	 2	 down
2522000	 CONN	4	 2	 up
2523000	 CONN	4	 2	 down
2524000	 CONN	4	 2	 up
2525000	 CONN	4	 2	 down
2526000	 CONN	4	 2	 up
2527000	 CONN	4	 2	 down
2528000	 CONN	4	 2	 up
2529000	 CONN	4	 2	 down
2530000	 CONN	4	 2	 up
2531000	 CONN	4	 2	 down
2532000	 CONN	4	 2	 up
2533000	 CONN	4	 2	 down
2534000	 CONN	4	 2	 up
2535000	 CONN	4	 2	 down
2536000	 CONN	4	 2	 up
2537000	 CONN	4	 2	 down
2538000	 CONN	4	 2	 up
2539000	 CONN	4	 2	 down
2540000	 CONN	4	 2	 up
2541000	 CONN	4	 2	 down
2542000	 CONN	4	 2	 up
2543000	 CONN	4	 2	 down
2544000	 CONN	4	 2	 up
2545000	 CONN	4	 2	 down
2546000	 CONN	4	 2	 up
2547000	 CONN	4	 2	 down
2548000	 CONN	4	 2	 up
2549000	 CONN	4	 2	 down
2550000	 CONN	4	 2	 up
2551000	 CONN	4	 2	 down
2552000	 CONN	4	 2	 up
2553000	 CONN	4	 2	 down
2554000	 CONN	4	 2	 up
2555000	 CONN	4	 2	 down
2556000	 CONN	4	 2	 up
2557000	 CONN	4	 2	 down
2558000	 CONN	4	 2	 up
2559000	 CONN	4	 2	 down
2560000	 CONN	4	 2	 up
2561000	 CONN	4	 2	 down
2562000	 CONN	4	 2	 up
2563000	 CONN	4	 2	 down
2564000	 CONN	4	 2	 up
2565000	 CONN	4	 2	 down
2566000	 CONN	4	 2	 up
2567000	 CONN	4	 2	 down
2568000	 CONN	4	 2	 up
2569000	 CONN	4	 2	 down
2570000	 CONN	4	 2	 up
2571000	 CONN	4	 2	 down
2572000	 CONN	4	 2	 up
2573000	 CONN	4	 2	 down
2574000	 CONN	4	 2	 up
2575000	 CONN	4	 2	 down
2576000	 CONN	4	 2	 up
2577000	 CONN	4	 2	 down
2578000	 CONN	4	 2	 up
2579000	 CONN	4	 2	 down
2580000	 CONN	4	 2	 up
2581000	 CONN	4	 2	 down
2582000	 CONN	4	 2	 up
2583000	 CONN	4	 2	 down
2584000	 CONN	4	 2	 up
2585000	 CONN	4	 2	 down
2586000	 CONN	4	 2	 up
2587000	 CONN	4	 2	 down
2588000	 CONN	4	 2	 up
2589000	 CONN	4	 2	 down
2590000	 CONN	4	 2	 up
2591000	 CONN	4	 2	 down
2592000	 CONN	4	 2	 up
2593000	 CONN	4	 2	 down
2594000	 CONN	4	 2	 up
2595000	 CONN	4	 2	 down
2596000	 CONN	4	 2	 up
2597000	 CONN	4	 2	 down
2598000	 CONN	4	 2	 up
2599000	 CONN	4	 2	 down
2600000	 CONN	4	 2	 up
2601000	 CONN	4	 2	 down
2602000	 CONN	4	 2	 up
2603000	 CONN	4	 2	 down
2604000	 CONN	4	 2	 up
2605000	 CONN	4	 2	 down
2606000	 CONN	4	 2	 up
2607000	 CONN	4	 2	 down
2608000	 CONN	4	 2	 up
2609000	 CONN	4	 2	 down
2610000	 CONN	4	 2	 up
2611000	 CONN	4	 2	 down
2612000	 CONN	4	 2	 up
2613000	 CONN	4	 2	 down
2614000	 CONN	4	 2	 up
2615000	 CONN	4	 2	 down
2616000	 CONN	4	 2	 up
2617000	 CONN	4	 2	 down
2618000	 CONN	4	 2	 up
2619000	 CONN	4	 2	 down
2620000	 CONN	4	 2	 up
2621000	 CONN	4	 2	 down
2622000	 CONN	4	 2	 up
2623000	 CONN	4	 2	 down
2624000	 CONN	4	 2	 up
2625000	 CONN	4	 2	 down
2626000	 CONN	4	 2	 up
2627000	 CONN	4	 2	 down
2628000	 CONN	4	 2	 up
2629000	 CONN	4	 2	 down
2630000	 CONN	4	 2	 up
2631000	 CONN	4	 2	 down
2632000	 CONN	4	 2	 up
2633000	 CONN	4	 2	 down
2634000	 CONN	4	 2	 up
2635000	 CONN	4	 2	 down
2636000	 CONN	4	 2	 up
2637000	 CONN	4	 2	 down
2638000	 CONN	4	 2	 up
2639000	 CONN	4	 2	 down
2640000	 CONN	4	 2	 up
2641000	 CONN	4	 2	 down
2642000	 CONN	4	 2	 up
2643000	 CONN	4	 2	 down
2644000	 CONN	4	 2	 up
2645000	 CONN	4	 2	 down
2646000	 CONN	4	 2	 up
2647000	 CONN	4	 2	 down
2648000	 CONN	4	 2	 up
2649000	 CONN	4	 2	 down
2650000	 CONN	4	 2	 up
2651000	 CONN	4	 2	 down
2652000	 CONN	4	 2	 up
2653000	 CONN	4	 2	 down
2654000	 CONN	4	 2	 up
2655000	 CONN	4	 2	 down
2656000	 CONN	4	 2	 up
2657000	 CONN	4	 2	 down
2658000	 CONN	4	 2	 up
2659000	 CONN	4	 2	 down
2660000	 CONN	4	 2	 up
2661000	 CONN	4	 2	 down
2662000	 CONN	4	 2	 up
2663000	 CONN	4	 2	 down
2664000	 CONN	4	 2	 up
2665000	 CONN	4	 2	 down
2666000	 CONN	4	 2	 up
2667000	 CONN	4	 2	 down
2668000	 CONN	4	 2	 up
2669000	 CONN	4	 2	 down
2670000	 CONN	4	 2	 up
2671000	 CONN	4	 2	 down
2672000	 CONN	4	 2	 up
2673000	 CONN	4	 2	 down
2674000	 CONN	4	 2	 up
2675000	 CONN	4	 2	 down
2676000	 CONN	4	 2	 up
2677000	 CONN	4	 2	 down
2678000	 CONN	4	 2	 up
2679000	 CONN	4	 2	 down
2680000	 CONN	4	 2	 up
2681000	 CONN	4	 2	 down
2682000	 CONN	4	 2	 up
2683000	 CONN	4	 2	 down
2684000	 CONN	4	 2	 up
2685000	 CONN	4	 2	 down
2686000	 CONN	4	 2	 up
2687000	 CONN	4	 2	 down
2688000	 CONN	4	 2	 up
2689000	 CONN	4	 2	 down
2690000	 CONN	4	 2	 up
2691000	 CONN	4	 2	 down
2692000	 CONN	4	 2	 up
2693000	 CONN	4	 2	 down
2694000	 CONN	4	 2	 up
2695000	 CONN	4	 2	 down
2696000	 CONN	4	 2	 up
2697000	 CONN	4	 2	 down
2698000	 CONN	4	 2	 up
2699000	 CONN	4	 2	 down
2700000	 CONN	4	 2	 up
2701000	 CONN	4	 2	 down
2702000	 CONN	4	 2	 up
2703000	 CONN	4	 2	 down
2704000	 CONN	4	 2	 up
2705000	 CONN	4	 2	 down
2706000	 CONN	4	 2	 up
2707000	 CONN	4	 2	 down
2708000	 CONN	4	 2	 up
2709000	 CONN	4	 2	 down
2710000	 CONN	4	 2	 up
2711000	 CONN	4	 2	 down
2712000	 CONN	4	 2	 up
2713000	 CONN	4	 2	 down
2714000	 CONN	4	 2	 up
2715000	 CONN	4	 2	 down
2716000	 CONN	4	 2	 up
2717000	 CONN	4	 2	 down
2718000	 CONN	4	 2	 up
2719000	 CONN	4	 2	 down
2720000	 CONN	4	 2	 up
2721000	 CONN	4	 2	 down
2722000	 CONN	4	 2	 up
2723000	 CONN	4	 2	 down
2724000	 CONN	4	 2	 up
2725000	 CONN	4	 2	 down
2726000	 CONN	4	 2	 up
2727000	 CONN	4	 2	 down
2728000	 CONN	4	 2	 up
2729000	 CONN	4	 2	 down
2730000	 CONN	4	 2	 up
2731000	 CONN	4	 2	 down
2732000	 CONN	4	 2	 up
2733000	 CONN	4	 2	 down
2734000	 CONN	4	 2	 up
2735000	 CONN	4	 2	 down
2736000	 CONN	4	 2	 up
2737000	 CONN	4	 2	 down
2738000	 CONN	4	 2	 up
2739000	 CONN	4	 2	 down
2740000	 CONN	4	 2	 up
2741000	 CONN	4	 2	 down
2742000	 CONN	4	 2	 up
2743000	 CONN	4	 2	 down
2744000	 CONN	4	 2	 up
2745000	 CONN	4	 2	 down
2746000	 CONN	4	 2	 up
2747000	 CONN	4	 2	 down
2748000	 CONN	4	 2	 up
2749000	 CONN	4	 2	 down
2750000	 CONN	4	 2	 up
2751000	 CONN	4	 2	 down
2752000	 CONN	4	 2	 up
2753000	 CONN	4	 2	 down
2754000	 CONN	4	 2	 up
2755000	 CONN	4	 2	 down
2756000	 CONN	4	 2	 up
2757000	 CONN	4	 2	 down
2758000	 CONN	4	 2	 up
2759000	 CONN	4	 2	 down
2760000	 CONN	4	 2	 up
2761000	 CONN	4	 2	 down
2762000	 CONN	4	 2	 up
2763000	 CONN	4	 2	 down
2764000	 CONN	4	 2	 up
2765000	 CONN	4	 2	 down
2766000	 CONN	4	 2	 up
2767000	 CONN	4	 2	 down
2768000	 CONN	4	 2	 up
2769000	 CONN	4	 2	 down
2770000	 CONN	4	 2	 up
2771000	 CONN	4	 2	 down
2772000	 CONN	4	 2	 up
2773000	 CONN	4	 2	 down
2774000	 CONN	4	 2	 up
2775000	 CONN	4	 2	 down
2776000	 CONN	4	 2	 up
2777000	 CONN	4	 2	 down
2778000	 CONN	4	 2	 up
2779000	 CONN	4	 2	 down
2780000	 CONN	4	 2	 up
2781000	 CONN	4	 2	 down
2782000	 CONN	4	 2	 up
2783000	 CONN	4	 2	 down
2784000	 CONN	4	 2	 up
2785000	 CONN	4	 2	 down
2786000	 CONN	4	 2	 up
2787000	 CONN	4	 2	 down
2788000	 CONN	4	 2	 up
2789000	 CONN	4	 2	 down
2790000	 CONN	4	 2	 up
2791000	 CONN	4	 2	 down
2792000	 CONN	4	 2	 up
2793000	 CONN	4	 2	 down
2794000	 CONN	4	 2	 up
2795000	 CONN	4	 2	 down
2796000	 CONN	4	 2	 up
2797000	 CONN	4	 2	 down
2798000	 CONN	4	 2	 up
2799000	 CONN	4	 2	 down
2800000	 CONN	4	 2	 up
2801000	 CONN	4	 2	 down
2802000	 CONN	4	 2	 up
2803000	 CONN	4	 2	 down
2804000	 CONN	4	 2	 up
2805000	 CONN	4	 2	 down
2806000	 CONN	4	 2	 up
2807000	 CONN	4	 2	 down
2808000	 CONN	4	 2	 up
2809000	 CONN	4	 2	 down
2810000	 CONN	4	 2	 up
2811000	 CONN	4	 2	 down
2812000	 CONN	4	 2	 up
2813000	 CONN	4	 2	 down
2814000	 CONN	4	 2	 up
2815000	 CONN	4	 2	 down
2816000	 CONN	4	 2	 up
2817000	 CONN	4	 2	 down
2818000	 CONN	4	 2	 up
2819000	 CONN	4	 2	 down
2820000	 CONN	4	 2	 up
2821000	 CONN	4	 2	 down
2822000	 CONN	4	 2	 up
2823000	 CONN	4	 2	 down
2824000	 CONN	4	 2	 up
2825000	 CONN	4	 2	 down
2826000	 CONN	4	 2	 up
2827000	 CONN	4	 2	 down
2828000	 CONN	4	 2	 up
2829000	 CONN	4	 2	 down
2830000	 CONN	4	 2	 up
2831000	 CONN	4	 2	 down
2832000	 CONN	4	 2	 up
2833000	 CONN	4	 2	 down
2834000	 CONN	4	 2	 up
2835000	 CONN	4	 2	 down
2836000	 CONN	4	 2	 up
2837000	 CONN	4	 2	 down
2838000	 CONN	4	 2	 up
2839000	 CONN	4	 2	 down
2840000	 CONN	4	 2	 up
2841000	 CONN	4	 2	 down
2842000	 CONN	4	 2	 up
2843000	 CONN	4	 2	 down
2844000	 CONN	4	 2	 up
2845000	 CONN	4	 2	 down
2846000	 CONN	4	 2	 up
2847000	 CONN	4	 2	 down
2848000	 CONN	4	 2	 up
2849000	 CONN	4	 2	 down
2850000	 CONN	4	 2	 up
2851000	 CONN	4	 2	 down
2852000	 CONN	4	 2	 up
2853000	 CONN	4	 2	 down
2854000	 CONN	4	 2	 up
2855000	 CONN	4	 2	 down
2856000	 CONN	4	 2	 up
2857000	 CONN	4	 2	 down
2858000	 CONN	4	 2	 up
2859000	 CONN	4	 2	 down
2860000	 CONN	4	 2	 up
2861000	 CONN	4	 2	 down
2862000	 CONN	4	 2	 up
2863000	 CONN	4	 2	 down
2864000	 CONN	4	 2	 up
2865000	 CONN	4	 2	 down
2866000	 CONN	4	 2	 up
2867000	 CONN	4	 2	 down
2868000	 CONN	4	 2	 up
2869000	 CONN	4	 2	 down
2870000	 CONN	4	 2	 up
2871000	 CONN	4	 2	 down
2872000	 CONN	4	 2	 up
2873000	 CONN	4	 2	 down
2874000	 CONN	4	 2	 up
2875000	 CONN	4	 2	 down
2876000	 CONN	4	 2	 up
2877000	 CONN	4	 2	 down
2878000	 CONN	4	 2	 up
2879000	 CONN	4	 2	 down
2880000	 CONN	4	 2	 up
2881000	 CONN	4	 2	 down
2882000	 CONN	4	 2	 up
2883000	 CONN	4	 2	 down
2884000	 CONN	4	 2	 up
2885000	 CONN	4	 2	 down
2886000	 CONN	4	 2	 up
2887000	 CONN	4	 2	 down
2888000	 CONN	4	 2	 up
2889000	 CONN	4	 2	 down
2890000	 CONN	4	 2	 up
2891000	 CONN	4	 2	 down
2892000	 CONN	4	 2	 up
2893000	 CONN	4	 2	 down
2894000	 CONN	4	 2	 up
2895000	 CONN	4	 2	 down
2896000	 CONN	4	 2	 up
2897000	 CONN	4	 2	 down
2898000	 CONN	4	 2	 up
2899000	 CONN	4	 2	 down
2900000	 CONN	4	 2	 up
2901000	 CONN	4	 2	 down
2902000	 CONN	4	 2	 up
2903000	 CONN	4	 2	 down
2904000	 CONN	4	 2	 up
2905000	 CONN	4	 2	 down
2906000	 CONN	4	 2	 up
2907000	 CONN	4	 2	 down
2908000	 CONN	4	 2	 up
2909000	 CONN	4	 2	 down
2910000	 CONN	4	 2	 up
2911000	 CONN	4	 2	 down
2912000	 CONN	4	 2	 up
2913000	 CONN	4	 2	 down
2914000	 CONN	4	 2	 up
2915000	 CONN	4	 2	 down
2916000	 CONN	4	 2	 up
2917000	 CONN	4	 2	 down
2918000	 CONN	4	 2	 up
2919000	 CONN	4	 2	 down
2920000	 CONN	4	 2	 up
2921000	 CONN	4	 2	 down
2922000	 CONN	4	 2	 up
2923000	 CONN	4	 2	 down
2924000	 CONN	4	 2	 up
2925000	 CONN	4	 2	 down
2926000	 CONN	4	 2	 up
2927000	 CONN	4	 2	 down
2928000	 CONN	4	 2	 up
2929000	 CONN	4	 2	 down
2930000	 CONN	4	 2	 up
2931000	 CONN	4	 2	 down
2932000	 CONN	4	 2	 up
2933000	 CONN	4	 2	 down
2934000	 CONN	4	 2	 up
2935000	 CONN	4	 2	 down
2936000	 CONN	4	 2	 up
2937000	 CONN	4	 2	 down
2938000	 CONN	4	 2	 up
2939000	 CONN	4	 2	 down
2940000	 CONN	4	 2	 up
2941000	 CONN	4	 2	 down
2942000	 CONN	4	 2	 up
2943000	 CONN	4	 2	 down
2944000	 CONN	4	 2	 up
2945000	 CONN	4	 2	 down
2946000	 CONN	4	 2	 up
2947000	 CONN	4	 2	 down
2948000	 CONN	4	 2	 up
2949000	 CONN	4	 2	 down
2950000	 CONN	4	 2	 up
2951000	 CONN	4	 2	 down
2952000	 CONN	4	 2	 up
2953000	 CONN	4	 2	 down
2954000	 CONN	4	 2	 up
2955000	 CONN	4	 2	 down
2956000	 CONN	4	 2	 up
2957000	 CONN	4	 2	 down
2958000	 CONN	4	 2	 up
2959000	 CONN	4	 2	 down
2960000	 CONN	4	 2	 up
2961000	 CONN	4	 2	 down
2962000	 CONN	4	 2	 up
2963000	 CONN	4	 2	 down
2964000	 CONN	4	 2	 up
2965000	 CONN	4	 2	 down
2966000	 CONN	4	 2	 up
2967000	 CONN	4	 2	 down
2968000	 CONN	4	 2	 up
2969000	 CONN	4	 2	 down
2970000	 CONN	4	 2	 up
2971000	 CONN	4	 2	 down
2972000	 CONN	4	 2	 up
2973000	 CONN	4	 2	 down
2974000	 CONN	4	 2	 up
2975000	 CONN	4	 2	 down
2976000	 CONN	4	 2	 up
2977000	 CONN	4	 2	 down
2978000	 CONN	4	 2	 up
2979000	 CONN	4	 2	 down
2980000	 CONN	4	 2	 up
2981000	 CONN	4	 2	 down
2982000	 CONN	4	 2	 up
2983000	 CONN	4	 2	 down
2984000	 CONN	4	 2	 up
2985000	 CONN	4	 2	 down
2986000	 CONN	4	 2	 up
2987000	 CONN	4	 2	 down
2988000	 CONN	4	 2	 up
2989000	 CONN	4	 2	 down
2990000	 CONN	4	 2	 up
2991000	 CONN	4	 2	 down
2992000	 CONN	4	 2	 up
2993000	 CONN	4	 2	 down
2994000	 CONN	4	 2	 up
2995000	 CONN	4	 2	 down
2996000	 CONN	4	 2	 up
2997000	 CONN	4	 2	 down
2998000	 CONN	4	 2	 up
2999000	 CONN	4	 2	 down
3000000	 CONN	4	 2	 up
3001000	 CONN	4	 2	 down
3002000	 CONN	4	 2	 up
3003000	 CONN	4	 2	 down
3004000	 CONN	4	 2	 up
3005000	 CONN	4	 2	 down
3006000	 CONN	4	 2	 up
3007000	 CONN	4	 2	 down
3008000	 CONN	4	 2	 up
3009000	 CONN	4	 2	 down
3010000	 CONN	4	 2	 up
3011000	 CONN	4	 2	 down
3012000	 CONN	4	 2	 up
3013000	 CONN	4	 2	 down
3014000	 CONN	4	 2	 up
3015000	 CONN	4	 2	 down
3016000	 CONN	4	 2	 up
3017000	 CONN	4	 2	 down
3018000	 CONN	4	 2	 up
3019000	 CONN	4	 2	 down
3020000	 CONN	4	 2	 up
3021000	 CONN	4	 2	 down
3022000	 CONN	4	 2	 up
3023000	 CONN	4	 2	 down
3024000	 CONN	4	 2	 up
3025000	 CONN	4	 2	 down
3026000	 CONN	4	 2	 up
3027000	 CONN	4	 2	 down
3028000	 CONN	4	 2	 up
3029000	 CONN	4	 2	 down
3030000	 CONN	4	 2	 up
3031000	 CONN	4	 2	 down
3032000	 CONN	4	 2	 up
3033000	 CONN	4	 2	 down
3034000	 CONN	4	 2	 up
3035000	 CONN	5	 2	 up
3036000	 CONN	4	 2	 down
3037000	 CONN	5	 2	 down
3038000	 CONN	5	 2	 up
3039000	 CONN	5	 2	 down
3040000	 CONN	5	 2	 up
3041000	 CONN	4	 3	 up
3042000	 CONN	5	 2	 down
3043000	 CONN	4	 3	 down
3044000	 CONN	4	 3	 up
3045000	 CONN	4	 3	 down
3046000	 CONN	4	 3	 up
3047000	 CONN	4	 3	 down
3048000	 CONN	4	 3	 up
3049000	 CONN	4	 3	 down
3050000	 CONN	4	 3	 up
3051000	 CONN	4	 3	 down
3052000	 CONN	4	 3	 up
3053000	 CONN	4	 3	 down
3054000	 CONN	4	 3	 up
3055000	 CONN	4	 3	 down
3056000	 CONN	4	 3	 up
3057000	 CONN	4	 3	 down
3058000	 CONN	4	 3	 up
3059000	 CONN	4	 3	 down
3060000	 CONN	4	 3	 up
3061000	 CONN	4	 3	 down
3062000	 CONN	4	 3	 up
3063000	 CONN	4	 3	 down
3064000	 CONN	4	 3	 up
3065000	 CONN	4	 3	 down
3066000	 CONN	4	 3	 up
3067000	 CONN	4	 3	 down
3068000	 CONN	4	 3	 up
3069000	 CONN	4	 3	 down
3070000	 CONN	4	 3	 up
3071000	 CONN	4	 3	 down
3072000	 CONN	4	 3	 up
3073000	 CONN	4	 3	 down
3074000	 CONN	4	 3	 up
3075000	 CONN	4	 3	 down
3076000	 CONN	4	 3	 up
3077000	 CONN	4	 3	 down
3078000	 CONN	4	 3	 up
3079000	 CONN	4	 3	 down
3080000	 CONN	4	 3	 up
3081000	 CONN	4	 3	 down
3082000	 CONN	4	 3	 up
3083000	 CONN	4	 3	 down
3084000	 CONN	4	 3	 up
3085000	 CONN	4	 3	 down
3086000	 CONN	4	 3	 up
3087000	 CONN	4	 3	 down
3088000	 CONN	4	 3	 up
3089000	 CONN	4	 3	 down
3090000	 CONN	4	 3	 up
3091000	 CONN	4	 3	 down
3092000	 CONN	4	 3	 up
3093000	 CONN	4	 3	 down
3094000	 CONN	4	 3	 up
3095000	 CONN	4	 3	 down
3096000	 CONN	4	 3	 up
3097000	 CONN	4	 3	 down
3098000	 CONN	4	 3	 up
3099000	 CONN	4	 3	 down
3100000	 CONN	4	 3	 up
3101000	 CONN	4	 3	 down
3102000	 CONN	4	 3	 up
3103000	 CONN	4	 3	 down
3104000	 CONN	4	 3	 up
3105000	 CONN	4	 3	 down
3106000	 CONN	4	 3	 up
3107000	 CONN	4	 3	 down
3108000	 CONN	4	 3	 up
3109000	 CONN	4	 3	 down
3110000	 CONN	4	 3	 up
3111000	 CONN	4	 3	 down
3112000	 CONN	4	 3	 up
3113000	 CONN	4	 3	 down
3114000	 CONN	4	 3	 up
3115000	 CONN	4	 3	 down
3116000	 CONN	4	 3	 up
3117000	 CONN	4	 3	 down
3118000	 CONN	4	 3	 up
3119000	 CONN	4	 3	 down
3120000	 CONN	4	 3	 up
3121000	 CONN	4	 3	 down
3122000	 CONN	4	 3	 up
3123000	 CONN	4	 3	 down
3124000	 CONN	4	 3	 up
3125000	 CONN	4	 3	 down
3126000	 CONN	4	 3	 up
3127000	 CONN	4	 3	 down
3128000	 CONN	4	 3	 up
3129000	 CONN	4	 3	 down
3130000	 CONN	4	 3	 up
3131000	 CONN	4	 3	 down
3132000	 CONN	4	 3	 up
3133000	 CONN	4	 3	 down
3134000	 CONN	4	 3	 up
3135000	 CONN	4	 3	 down
3136000	 CONN	4	 3	 up
3137000	 CONN	4	 3	 down
3138000	 CONN	4	 3	 up
3139000	 CONN	4	 3	 down
3140000	 CONN	4	 3	 up
3141000	 CONN	4	 3	 down
3142000	 CONN	4	 3	 up
3143000	 CONN	4	 3	 down
3144000	 CONN	4	 3	 up
3145000	 CONN	4	 3	 down
3146000	 CONN	4	 3	 up
3147000	 CONN	4	 3	 down
3148000	 CONN	4	 3	 up
3149000	 CONN	4	 3	 down
3150000	 CONN	4	 3	 up
3151000	 CONN	4	 3	 down
3152000	 CONN	4	 3	 up
3153000	 CONN	4	 3	 down
3154000	 CONN	4	 3	 up
3155000	 CONN	4	 3	 down
3156000	 CONN	4	 3	 up
3157000	 CONN	4	 3	 down
3158000	 CONN	4	 3	 up
3159000	 CONN	4	 3	 down
3160000	 CONN	4	 3	 up
3161000	 CONN	4	 3	 down
3162000	 CONN	4	 3	 up
3163000	 CONN	4	 3	 down
3164000	 CONN	4	 3	 up
3165000	 CONN	4	 3	 down
3166000	 CONN	4	 3	 up
3167000	 CONN	4	 3	 down
3168000	 CONN	4	 3	 up
3169000	 CONN	4	 3	 down
3170000	 CONN	4	 3	 up
3171000	 CONN	4	 3	 down
3172000	 CONN	4	 3	 up
3173000	 CONN	4	 3	 down
3174000	 CONN	4	 3	 up
3175000	 CONN	4	 3	 down
3176000	 CONN	4	 3	 up
3177000	 CONN	4	 3	 down
3178000	 CONN	4	 3	 up
3179000	 CONN	4	 3	 down
3180000	 CONN	4	 3	 up
3181000	 CONN	4	 3	 down
3182000	 CONN	4	 3	 up
3183000	 CONN	4	 3	 down
3184000	 CONN	4	 3	 up
3185000	 CONN	4	 3	 down
3186000	 CONN	4	 3	 up
3187000	 CONN	4	 3	 down
3188000	 CONN	4	 3	 up
3189000	 CONN	4	 3	 down
3190000	 CONN	4	 3	 up
3191000	 CONN	4	 3	 down
3192000	 CONN	4	 3	 up
3193000	 CONN	4	 3	 down
3194000	 CONN	4	 3	 up
3195000	 CONN	4	 3	 down
3196000	 CONN	4	 3	 up
3197000	 CONN	4	 3	 down
3198000	 CONN	4	 3	 up
3199000	 CONN	4	 3	 down
3200000	 CONN	4	 3	 up
3201000	 CONN	4	 3	 down
3202000	 CONN	4	 3	 up
3203000	 CONN	4	 3	 down
3204000	 CONN	4	 3	 up
3205000	 CONN	4	 3	 down
3206000	 CONN	4	 3	 up
3207000	 CONN	4	 3	 down
3208000	 CONN	4	 3	 up
3209000	 CONN	4	 3	 down
3210000	 CONN	4	 3	 up
3211000	 CONN	4	 3	 down
3212000	 CONN	4	 3	 up
3213000	 CONN	4	 3	 down
3214000	 CONN	4	 3	 up
3215000	 CONN	4	 3	 down
3216000	 CONN	4	 3	 up
3217000	 CONN	4	 3	 down
3218000	 CONN	4	 3	 up
3219000	 CONN	4	 3	 down
3220000	 CONN	4	 3	 up
3221000	 CONN	4	 3	 down
3222000	 CONN	4	 3	 up
3223000	 CONN	4	 3	 down
3224000	 CONN	4	 3	 up
3225000	 CONN	4	 3	 down
3226000	 CONN	4	 3	 up
3227000	 CONN	4	 3	 down
3228000	 CONN	4	 3	 up
3229000	 CONN	4	 3	 down
3230000	 CONN	4	 3	 up
3231000	 CONN	4	 3	 down
3232000	 CONN	4	 3	 up
3233000	 CONN	4	 3	 down
3234000	 CONN	4	 3	 up
3235000	 CONN	4	 3	 down
3236000	 CONN	4	 3	 up
3237000	 CONN	4	 3	 down
3238000	 CONN	4	 3	 up
3239000	 CONN	4	 3	 down
3240000	 CONN	4	 3	 up
3241000	 CONN	4	 3	 down
3242000	 CONN	4	 3	 up
3243000	 CONN	4	 3	 down
3244000	 CONN	4	 3	 up
3245000	 CONN	4	 3	 down
3246000	 CONN	4	 3	 up
3247000	 CONN	4	 3	 down
3248000	 CONN	4	 3	 up
3249000	 CONN	4	 3	 down
3250000	 CONN	4	 3	 up
3251000	 CONN	4	 3	 down
3252000	 CONN	4	 3	 up
3253000	 CONN	4	 3	 down
3254000	 CONN	4	 3	 up
3255000	 CONN	4	 3	 down
3256000	 CONN	4	 3	 up
3257000	 CONN	4	 3	 down
3258000	 CONN	4	 3	 up
3259000	 CONN	4	 3	 down
3260000	 CONN	4	 3	 up
3261000	 CONN	4	 3	 down
3262000	 CONN	4	 3	 up
3263000	 CONN	4	 3	 down
3264000	 CONN	4	 3	 up
3265000	 CONN	4	 3	 down
3266000	 CONN	4	 3	 up
3267000	 CONN	4	 3	 down
3268000	 CONN	4	 3	 up
3269000	 CONN	4	 3	 down
3270000	 CONN	4	 3	 up
3271000	 CONN	4	 3	 down
3272000	 CONN	4	 3	 up
3273000	 CONN	4	 3	 down
3274000	 CONN	4	 3	 up
3275000	 CONN	4	 3	 down
3276000	 CONN	4	 3	 up
3277000	 CONN	4	 3	 down
3278000	 CONN	4	 3	 up
3279000	 CONN	4	 3	 down
3280000	 CONN	4	 3	 up
3281000	 CONN	4	 3	 down
3282000	 CONN	4	 3	 up
3283000	 CONN	4	 3	 down
3284000	 CONN	4	 3	 up
3285000	 CONN	4	 3	 down
3286000	 CONN	4	 3	 up
3287000	 CONN	4	 3	 down
3288000	 CONN	4	 3	 up
3289000	 CONN	4	 3	 down
3290000	 CONN	4	 3	 up
3291000	 CONN	4	 3	 down
3292000	 CONN	4	 3	 up
3293000	 CONN	4	 3	 down
3294000	 CONN	4	 3	 up
3295000	 CONN	4	 3	 down
3296000	 CONN	4	 3	 up
3297000	 CONN	4	 3	 down
3298000	 CONN	4	 3	 up
3299000	 CONN	4	 3	 down
3300000	 CONN	4	 3	 up
3301000	 CONN	4	 3	 down
3302000	 CONN	4	 3	 up
3303000	 CONN	4	 3	 down
3304000	 CONN	4	 3	 up
3305000	 CONN	4	 3	 down
3306000	 CONN	4	 3	 up
3307000	 CONN	4	 3	 down
3308000	 CONN	4	 3	 up
3309000	 CONN	4	 3	 down
3310000	 CONN	4	 3	 up
3311000	 CONN	4	 3	 down
3312000	 CONN	4	 3	 up
3313000	 CONN	4	 3	 down
3314000	 CONN	4	 3	 up
3315000	 CONN	4	 3	 down
3316000	 CONN	4	 3	 up
3317000	 CONN	4	 3	 down
3318000	 CONN	4	 3	 up
3319000	 CONN	4	 3	 down
3320000	 CONN	4	 3	 up
3321000	 CONN	4	 3	 down
3322000	 CONN	4	 3	 up
3323000	 CONN	4	 3	 down
3324000	 CONN	4	 3	 up
3325000	 CONN	4	 3	 down
3326000	 CONN	4	 3	 up
3327000	 CONN	4	 3	 down
3328000	 CONN	4	 3	 up
3329000	 CONN	4	 3	 down
3330000	 CONN	4	 3	 up
3331000	 CONN	4	 3	 down
3332000	 CONN	4	 3	 up
3333000	 CONN	4	 3	 down
3334000	 CONN	4	 3	 up
3335000	 CONN	4	 3	 down
3336000	 CONN	4	 3	 up
3337000	 CONN	4	 3	 down
3338000	 CONN	4	 3	 up
3339000	 CONN	4	 3	 down
3340000	 CONN	4	 3	 up
3341000	 CONN	4	 3	 down
3342000	 CONN	4	 3	 up
3343000	 CONN	4	 3	 down
3344000	 CONN	4	 3	 up
3345000	 CONN	4	 3	 down
3346000	 CONN	4	 3	 up
3347000	 CONN	4	 3	 down
3348000	 CONN	4	 3	 up
3349000	 CONN	4	 3	 down
3350000	 CONN	4	 3	 up
3351000	 CONN	4	 3	 down
3352000	 CONN	4	 3	 up
3353000	 CONN	4	 3	 down
3354000	 CONN	4	 3	 up
3355000	 CONN	4	 3	 down
3356000	 CONN	4	 3	 up
3357000	 CONN	4	 3	 down
3358000	 CONN	4	 3	 up
3359000	 CONN	4	 3	 down
3360000	 CONN	4	 3	 up
3361000	 CONN	4	 3	 down
3362000	 CONN	4	 3	 up
3363000	 CONN	4	 3	 down
3364000	 CONN	4	 3	 up
3365000	 CONN	4	 3	 down
3366000	 CONN	4	 3	 up
3367000	 CONN	4	 3	 down
3368000	 CONN	4	 3	 up
3369000	 CONN	4	 3	 down
3370000	 CONN	4	 3	 up
3371000	 CONN	4	 3	 down
3372000	 CONN	4	 3	 up
3373000	 CONN	4	 3	 down
3374000	 CONN	4	 3	 up
3375000	 CONN	4	 3	 down
3376000	 CONN	4	 3	 up
3377000	 CONN	4	 3	 down
3378000	 CONN	4	 3	 up
3379000	 CONN	4	 3	 down
3380000	 CONN	4	 3	 up
3381000	 CONN	4	 3	 down
3382000	 CONN	4	 3	 up
3383000	 CONN	4	 3	 down
3384000	 CONN	4	 3	 up
3385000	 CONN	4	 3	 down
3386000	 CONN	4	 3	 up
3387000	 CONN	4	 3	 down
3388000	 CONN	4	 3	 up
3389000	 CONN	4	 3	 down
3390000	 CONN	4	 3	 up
3391000	 CONN	4	 3	 down
3392000	 CONN	4	 3	 up
3393000	 CONN	4	 3	 down
3394000	 CONN	4	 3	 up
3395000	 CONN	4	 3	 down
3396000	 CONN	4	 3	 up
3397000	 CONN	4	 3	 down
3398000	 CONN	4	 3	 up
3399000	 CONN	4	 3	 down
3400000	 CONN	4	 3	 up
3401000	 CONN	4	 3	 down
3402000	 CONN	4	 3	 up
3403000	 CONN	4	 3	 down
3404000	 CONN	4	 3	 up
3405000	 CONN	4	 3	 down
3406000	 CONN	4	 3	 up
3407000	 CONN	4	 3	 down
3408000	 CONN	4	 3	 up
3409000	 CONN	4	 3	 down
3410000	 CONN	4	 3	 up
3411000	 CONN	4	 3	 down
3412000	 CONN	4	 3	 up
3413000	 CONN	4	 3	 down
3414000	 CONN	4	 3	 up
3415000	 CONN	4	 3	 down
3416000	 CONN	4	 3	 up
3417000	 CONN	4	 3	 down
3418000	 CONN	4	 3	 up
3419000	 CONN	4	 3	 down
3420000	 CONN	4	 3	 up
3421000	 CONN	4	 3	 down
3422000	 CONN	4	 3	 up
3423000	 CONN	4	 3	 down
3424000	 CONN	4	 3	 up
3425000	 CONN	4	 3	 down
3426000	 CONN	4	 3	 up
3427000	 CONN	4	 3	 down
3428000	 CONN	4	 3	 up
3429000	 CONN	4	 3	 down
3430000	 CONN	4	 3	 up
3431000	 CONN	4	 3	 down
3432000	 CONN	4	 3	 up
3433000	 CONN	4	 3	 down
3434000	 CONN	4	 3	 up
3435000	 CONN	4	 3	 down
3436000	 CONN	4	 3	 up
3437000	 CONN	4	 3	 down
3438000	 CONN	4	 3	 up
3439000	 CONN	4	 3	 down
3440000	 CONN	4	 3	 up
3441000	 CONN	4	 3	 down
3442000	 CONN	4	 3	 up
3443000	 CONN	4	 3	 down
3444000	 CONN	4	 3	 up
3445000	 CONN	4	 3	 down
3446000	 CONN	4	 3	 up
3447000	 CONN	4	 3	 down
3448000	 CONN	4	 3	 up
3449000	 CONN	4	 3	 down
3450000	 CONN	4	 3	 up
3451000	 CONN	4	 3	 down
3452000	 CONN	4	 3	 up
3453000	 CONN	4	 3	 down
3454000	 CONN	4	 3	 up
3455000	 CONN	4	 3	 down
3456000	 CONN	4	 3	 up
3457000	 CONN	4	 3	 down
3458000	 CONN	4	 3	 up
3459000	 CONN	4	 3	 down
3460000	 CONN	4	 3	 up
3461000	 CONN	4	 3	 down
3462000	 CONN	4	 3	 up
3463000	 CONN	4	 3	 down
3464000	 CONN	4	 3	 up
3465000	 CONN	4	 3	 down
3466000	 CONN	4	 3	 up
3467000	 CONN	4	 3	 down
3468000	 CONN	4	 3	 up
3469000	 CONN	4	 3	 down
3470000	 CONN	4	 3	 up
3471000	 CONN	4	 3	 down
3472000	 CONN	4	 3	 up
3473000	 CONN	4	 3	 down
3474000	 CONN	4	 3	 up
3475000	 CONN	4	 3	 down
3476000	 CONN	4	 3	 up
3477000	 CONN	4	 3	 down
3478000	 CONN	4	 3	 up
3479000	 CONN	4	 3	 down
3480000	 CONN	4	 3	 up
3481000	 CONN	4	 3	 down
3482000	 CONN	4	 3	 up
3483000	 CONN	4	 3	 down
3484000	 CONN	4	 3	 up
3485000	 CONN	4	 3	 down
3486000	 CONN	4	 3	 up
3487000	 CONN	4	 3	 down
3488000	 CONN	4	 3	 up
3489000	 CONN	4	 3	 down
3490000	 CONN	4	 3	 up
3491000	 CONN	4	 3	 down
3492000	 CONN	4	 3	 up
3493000	 CONN	4	 3	 down
3494000	 CONN	4	 3	 up
3495000	 CONN	4	 3	 down
3496000	 CONN	4	 3	 up
3497000	 CONN	4	 3	 down
3498000	 CONN	4	 3	 up
3499000	 CONN	4	 3	 down
3500000	 CONN	4	 3	 up
3501000	 CONN	4	 3	 down
3502000	 CONN	4	 3	 up
3503000	 CONN	4	 3	 down
3504000	 CONN	4	 3	 up
3505000	 CONN	4	 3	 down
3506000	 CONN	4	 3	 up
3507000	 CONN	4	 3	 down
3508000	 CONN	4	 3	 up
3509000	 CONN	4	 3	 down
3510000	 CONN	4	 3	 up
3511000	 CONN	4	 3	 down
3512000	 CONN	4	 3	 up
3513000	 CONN	4	 3	 down
3514000	 CONN	4	 3	 up
3515000	 CONN	4	 3	 down
3516000	 CONN	4	 3	 up
3517000	 CONN	4	 3	 down
3518000	 CONN	4	 3	 up
3519000	 CONN	4	 3	 down
3520000	 CONN	4	 3	 up
3521000	 CONN	4	 3	 down
3522000	 CONN	4	 3	 up
3523000	 CONN	4	 3	 down
3524000	 CONN	4	 3	 up
3525000	 CONN	4	 3	 down
3526000	 CONN	4	 3	 up
3527000	 CONN	4	 3	 down
3528000	 CONN	4	 3	 up
3529000	 CONN	4	 3	 down
3530000	 CONN	4	 3	 up
3531000	 CONN	4	 3	 down
3532000	 CONN	4	 3	 up
3533000	 CONN	4	 3	 down
3534000	 CONN	4	 3	 up
3535000	 CONN	4	 3	 down
3536000	 CONN	4	 3	 up
3537000	 CONN	4	 3	 down
3538000	 CONN	4	 3	 up
3539000	 CONN	4	 3	 down
3540000	 CONN	4	 3	 up
3541000	 CONN	4	 3	 down
3542000	 CONN	4	 3	 up
3543000	 CONN	4	 3	 down
3544000	 CONN	4	 3	 up
3545000	 CONN	4	 3	 down
3546000	 CONN	4	 3	 up
3547000	 CONN	4	 3	 down
3548000	 CONN	4	 3	 up
3549000	 CONN	4	 3	 down
3550000	 CONN	4	 3	 up
3551000	 CONN	4	 3	 down
3552000	 CONN	4	 3	 up
3553000	 CONN	4	 3	 down
3554000	 CONN	4	 3	 up
3555000	 CONN	4	 3	 down
3556000	 CONN	4	 3	 up
3557000	 CONN	4	 3	 down
3558000	 CONN	4	 3	 up
3559000	 CONN	4	 3	 down
3560000	 CONN	4	 3	 up
3561000	 CONN	4	 3	 down
3562000	 CONN	4	 3	 up
3563000	 CONN	4	 3	 down
3564000	 CONN	4	 3	 up
3565000	 CONN	4	 3	 down
3566000	 CONN	4	 3	 up
3567000	 CONN	4	 3	 down
3568000	 CONN	4	 3	 up
3569000	 CONN	4	 3	 down
3570000	 CONN	4	 3	 up
3571000	 CONN	4	 3	 down
3572000	 CONN	4	 3	 up
3573000	 CONN	4	 3	 down
3574000	 CONN	4	 3	 up
3575000	 CONN	4	 3	 down
3576000	 CONN	4	 3	 up
3577000	 CONN	4	 3	 down
3578000	 CONN	4	 3	 up
3579000	 CONN	4	 3	 down
3580000	 CONN	4	 3	 up
3581000	 CONN	4	 3	 down
3582000	 CONN	4	 3	 up
3583000	 CONN	4	 3	 down
3584000	 CONN	4	 3	 up
3585000	 CONN	4	 3	 down
3586000	 CONN	4	 3	 up
3587000	 CONN	4	 3	 down
3588000	 CONN	4	 3	 up
3589000	 CONN	4	 3	 down
3590000	 CONN	4	 3	 up
3591000	 CONN	4	 3	 down
3592000	 CONN	4	 3	 up
3593000	 CONN	4	 3	 down
3594000	 CONN	4	 3	 up
3595000	 CONN	4	 3	 down
3596000	 CONN	4	 3	 up
3597000	 CONN	4	 3	 down
3598000	 CONN	4	 3	 up
3599000	 CONN	4	 3	 down
3600000	 CONN	4	 3	 up
3601000	 CONN	4	 3	 down
3602000	 CONN	4	 3	 up
3603000	 CONN	4	 3	 down
3604000	 CONN	4	 3	 up
3605000	 CONN	4	 3	 down
3606000	 CONN	4	 3	 up
3607000	 CONN	4	 3	 down
3608000	 CONN	4	 3	 up
3609000	 CONN	4	 3	 down
3610000	 CONN	4	 3	 up
3611000	 CONN	4	 3	 down
3612000	 CONN	4	 3	 up
3613000	 CONN	4	 3	 down
3614000	 CONN	4	 3	 up
3615000	 CONN	4	 3	 down
3616000	 CONN	4	 3	 up
3617000	 CONN	4	 3	 down
3618000	 CONN	4	 3	 up
3619000	 CONN	4	 3	 down
3620000	 CONN	4	 3	 up
3621000	 CONN	4	 3	 down
3622000	 CONN	4	 3	 up
3623000	 CONN	4	 3	 down
3624000	 CONN	4	 3	 up
3625000	 CONN	4	 3	 down
3626000	 CONN	4	 3	 up
3627000	 CONN	4	 3	 down
3628000	 CONN	4	 3	 up
3629000	 CONN	4	 3	 down
3630000	 CONN	4	 3	 up
3631000	 CONN	4	 3	 down
3632000	 CONN	4	 3	 up
3633000	 CONN	4	 3	 down
3634000	 CONN	4	 3	 up
3635000	 CONN	4	 3	 down
3636000	 CONN	4	 3	 up
3637000	 CONN	4	 3	 down
3638000	 CONN	4	 3	 up
3639000	 CONN	4	 3	 down
3640000	 CONN	4	 3	 up
3641000	 CONN	4	 3	 down
3642000	 CONN	4	 3	 up
3643000	 CONN	4	 3	 down
3644000	 CONN	4	 3	 up
3645000	 CONN	4	 3	 down
3646000	 CONN	4	 3	 up
3647000	 CONN	4	 3	 down
3648000	 CONN	4	 3	 up
3649000	 CONN	4	 3	 down
3650000	 CONN	4	 3	 up
3651000	 CONN	4	 3	 down
3652000	 CONN	4	 3	 up
3653000	 CONN	4	 3	 down
3654000	 CONN	4	 3	 up
3655000	 CONN	4	 3	 down
3656000	 CONN	4	 3	 up
3657000	 CONN	4	 3	 down
3658000	 CONN	4	 3	 up
3659000	 CONN	4	 3	 down
3660000	 CONN	4	 3	 up
3661000	 CONN	4	 3	 down
3662000	 CONN	4	 3	 up
3663000	 CONN	4	 3	 down
3664000	 CONN	4	 3	 up
3665000	 CONN	4	 3	 down
3666000	 CONN	4	 3	 up
3667000	 CONN	4	 3	 down
3668000	 CONN	4	 3	 up
3669000	 CONN	4	 3	 down
3670000	 CONN	4	 3	 up
3671000	 CONN	4	 3	 down
3672000	 CONN	4	 3	 up
3673000	 CONN	4	 3	 down
3674000	 CONN	4	 3	 up
3675000	 CONN	4	 3	 down
3676000	 CONN	4	 3	 up
3677000	 CONN	4	 3	 down
3678000	 CONN	4	 3	 up
3679000	 CONN	4	 3	 down
3680000	 CONN	4	 3	 up
3681000	 CONN	4	 3	 down
3682000	 CONN	4	 3	 up
3683000	 CONN	4	 3	 down
3684000	 CONN	4	 3	 up
3685000	 CONN	4	 3	 down
3686000	 CONN	4	 3	 up
3687000	 CONN	4	 3	 down
3688000	 CONN	4	 3	 up
3689000	 CONN	4	 3	 down
3690000	 CONN	4	 3	 up
3691000	 CONN	4	 3	 down
3692000	 CONN	4	 3	 up
3693000	 CONN	4	 3	 down
3694000	 CONN	4	 3	 up
3695000	 CONN	4	 3	 down
3696000	 CONN	4	 3	 up
3697000	 CONN	4	 3	 down
3698000	 CONN	4	 3	 up
3699000	 CONN	4	 3	 down
3700000	 CONN	4	 3	 up
3701000	 CONN	4	 3	 down
3702000	 CONN	4	 3	 up
3703000	 CONN	4	 3	 down
3704000	 CONN	4	 3	 up
3705000	 CONN	4	 3	 down
3706000	 CONN	4	 3	 up
3707000	 CONN	4	 3	 down
3708000	 CONN	4	 3	 up
3709000	 CONN	4	 3	 down
3710000	 CONN	4	 3	 up
3711000	 CONN	4	 3	 down
3712000	 CONN	4	 3	 up
3713000	 CONN	4	 3	 down
3714000	 CONN	4	 3	 up
3715000	 CONN	4	 3	 down
3716000	 CONN	4	 3	 up
3717000	 CONN	4	 3	 down
3718000	 CONN	4	 3	 up
3719000	 CONN	4	 3	 down
3720000	 CONN	4	 3	 up
3721000	 CONN	4	 3	 down
3722000	 CONN	4	 3	 up
3723000	 CONN	4	 3	 down
3724000	 CONN	4	 3	 up
3725000	 CONN	4	 3	 down
3726000	 CONN	4	 3	 up
3727000	 CONN	4	 3	 down
3728000	 CONN	4	 3	 up
3729000	 CONN	4	 3	 down
3730000	 CONN	4	 3	 up
3731000	 CONN	4	 3	 down
3732000	 CONN	4	 3	 up
3733000	 CONN	4	 3	 down
3734000	 CONN	4	 3	 up
3735000	 CONN	4	 3	 down
3736000	 CONN	4	 3	 up
3737000	 CONN	4	 3	 down
3738000	 CONN	4	 3	 up
3739000	 CONN	4	 3	 down
3740000	 CONN	4	 3	 up
3741000	 CONN	4	 3	 down
3742000	 CONN	4	 3	 up
3743000	 CONN	4	 3	 down
3744000	 CONN	4	 3	 up
3745000	 CONN	4	 3	 down
3746000	 CONN	4	 3	 up
3747000	 CONN	4	 3	 down
3748000	 CONN	4	 3	 up
3749000	 CONN	4	 3	 down
3750000	 CONN	4	 3	 up
3751000	 CONN	4	 3	 down
3752000	 CONN	4	 3	 up
3753000	 CONN	4	 3	 down
3754000	 CONN	4	 3	 up
3755000	 CONN	4	 3	 down
3756000	 CONN	4	 3	 up
3757000	 CONN	4	 3	 down
3758000	 CONN	4	 3	 up
3759000	 CONN	4	 3	 down
3760000	 CONN	4	 3	 up
3761000	 CONN	4	 3	 down
3762000	 CONN	4	 3	 up
3763000	 CONN	4	 3	 down
3764000	 CONN	4	 3	 up
3765000	 CONN	4	 3	 down
3766000	 CONN	4	 3	 up
3767000	 CONN	4	 3	 down
3768000	 CONN	4	 3	 up
3769000	 CONN	4	 3	 down
3770000	 CONN	4	 3	 up
3771000	 CONN	4	 3	 down
3772000	 CONN	4	 3	 up
3773000	 CONN	4	 3	 down
3774000	 CONN	4	 3	 up
3775000	 CONN	4	 3	 down
3776000	 CONN	4	 3	 up
3777000	 CONN	4	 3	 down
3778000	 CONN	4	 3	 up
3779000	 CONN	4	 3	 down
3780000	 CONN	4	 3	 up
3781000	 CONN	4	 3	 down
3782000	 CONN	4	 3	 up
3783000	 CONN	4	 3	 down
3784000	 CONN	4	 3	 up
3785000	 CONN	4	 3	 down
3786000	 CONN	4	 3	 up
3787000	 CONN	4	 3	 down
3788000	 CONN	4	 3	 up
3789000	 CONN	4	 3	 down
3790000	 CONN	4	 3	 up
3791000	 CONN	4	 3	 down
3792000	 CONN	4	 3	 up
3793000	 CONN	4	 3	 down
3794000	 CONN	4	 3	 up
3795000	 CONN	4	 3	 down
3796000	 CONN	4	 3	 up
3797000	 CONN	4	 3	 down
3798000	 CONN	4	 3	 up
3799000	 CONN	4	 3	 down
3800000	 CONN	4	 3	 up
3801000	 CONN	4	 3	 down
3802000	 CONN	4	 3	 up
3803000	 CONN	4	 3	 down
3804000	 CONN	4	 3	 up
3805000	 CONN	4	 3	 down
3806000	 CONN	4	 3	 up
3807000	 CONN	4	 3	 down
3808000	 CONN	4	 3	 up
3809000	 CONN	4	 3	 down
3810000	 CONN	4	 3	 up
3811000	 CONN	4	 3	 down
3812000	 CONN	4	 3	 up
3813000	 CONN	4	 3	 down
3814000	 CONN	4	 3	 up
3815000	 CONN	4	 3	 down
3816000	 CONN	4	 3	 up
3817000	 CONN	4	 3	 down
3818000	 CONN	4	 3	 up
3819000	 CONN	4	 3	 down
3820000	 CONN	4	 3	 up
3821000	 CONN	4	 3	 down
3822000	 CONN	4	 3	 up
3823000	 CONN	4	 3	 down
3824000	 CONN	4	 3	 up
3825000	 CONN	4	 3	 down
3826000	 CONN	4	 3	 up
3827000	 CONN	4	 3	 down
3828000	 CONN	4	 3	 up
3829000	 CONN	4	 3	 down
3830000	 CONN	4	 3	 up
3831000	 CONN	4	 3	 down
3832000	 CONN	4	 3	 up
3833000	 CONN	4	 3	 down
3834000	 CONN	4	 3	 up
3835000	 CONN	4	 3	 down
3836000	 CONN	4	 3	 up
3837000	 CONN	4	 3	 down
3838000	 CONN	4	 3	 up
3839000	 CONN	4	 3	 down
3840000	 CONN	4	 3	 up
3841000	 CONN	4	 3	 down
3842000	 CONN	4	 3	 up
3843000	 CONN	4	 3	 down
3844000	 CONN	4	 3	 up
3845000	 CONN	4	 3	 down
3846000	 CONN	4	 3	 up
3847000	 CONN	4	 3	 down
3848000	 CONN	4	 3	 up
3849000	 CONN	4	 3	 down
3850000	 CONN	4	 3	 up
3851000	 CONN	4	 3	 down
3852000	 CONN	4	 3	 up
3853000	 CONN	4	 3	 down
3854000	 CONN	4	 3	 up
3855000	 CONN	4	 3	 down
3856000	 CONN	4	 3	 up
3857000	 CONN	4	 3	 down
3858000	 CONN	4	 3	 up
3859000	 CONN	4	 3	 down
3860000	 CONN	4	 3	 up
3861000	 CONN	4	 3	 down
3862000	 CONN	4	 3	 up
3863000	 CONN	4	 3	 down
3864000	 CONN	4	 3	 up
3865000	 CONN	4	 3	 down
3866000	 CONN	4	 3	 up
3867000	 CONN	4	 3	 down
3868000	 CONN	4	 3	 up
3869000	 CONN	4	 3	 down
3870000	 CONN	4	 3	 up
3871000	 CONN	4	 3	 down
3872000	 CONN	4	 3	 up
3873000	 CONN	4	 3	 down
3874000	 CONN	4	 3	 up
3875000	 CONN	4	 3	 down
3876000	 CONN	4	 3	 up
3877000	 CONN	4	 3	 down
3878000	 CONN	4	 3	 up
3879000	 CONN	4	 3	 down
3880000	 CONN	4	 3	 up
3881000	 CONN	4	 3	 down
3882000	 CONN	4	 3	 up
3883000	 CONN	4	 3	 down
3884000	 CONN	4	 3	 up
3885000	 CONN	4	 3	 down
3886000	 CONN	4	 3	 up
3887000	 CONN	4	 3	 down
3888000	 CONN	4	 3	 up
3889000	 CONN	4	 3	 down
3890000	 CONN	4	 3	 up
3891000	 CONN	4	 3	 down
3892000	 CONN	4	 3	 up
3893000	 CONN	4	 3	 down
3894000	 CONN	4	 3	 up
3895000	 CONN	4	 3	 down
3896000	 CONN	4	 3	 up
3897000	 CONN	4	 3	 down
3898000	 CONN	4	 3	 up
3899000	 CONN	4	 3	 down
3900000	 CONN	4	 3	 up
3901000	 CONN	4	 3	 down
3902000	 CONN	4	 3	 up
3903000	 CONN	4	 3	 down
3904000	 CONN	4	 3	 up
3905000	 CONN	4	 3	 down
3906000	 CONN	4	 3	 up
3907000	 CONN	4	 3	 down
3908000	 CONN	4	 3	 up
3909000	 CONN	4	 3	 down
3910000	 CONN	4	 3	 up
3911000	 CONN	4	 3	 down
3912000	 CONN	4	 3	 up
3913000	 CONN	4	 3	 down
3914000	 CONN	4	 3	 up
3915000	 CONN	4	 3	 down
3916000	 CONN	4	 3	 up
3917000	 CONN	4	 3	 down
3918000	 CONN	4	 3	 up
3919000	 CONN	4	 3	 down
3920000	 CONN	4	 3	 up
3921000	 CONN	4	 3	 down
3922000	 CONN	4	 3	 up
3923000	 CONN	4	 3	 down
3924000	 CONN	4	 3	 up
3925000	 CONN	4	 3	 down
3926000	 CONN	4	 3	 up
3927000	 CONN	4	 3	 down
3928000	 CONN	4	 3	 up
3929000	 CONN	4	 3	 down
3930000	 CONN	4	 3	 up
3931000	 CONN	4	 3	 down
3932000	 CONN	4	 3	 up
3933000	 CONN	4	 3	 down
3934000	 CONN	4	 3	 up
3935000	 CONN	4	 3	 down
3936000	 CONN	4	 3	 up
3937000	 CONN	4	 3	 down
3938000	 CONN	4	 3	 up
3939000	 CONN	4	 3	 down
3940000	 CONN	4	 3	 up
3941000	 CONN	4	 3	 down
3942000	 CONN	4	 3	 up
3943000	 CONN	4	 3	 down
3944000	 CONN	4	 3	 up
3945000	 CONN	4	 3	 down
3946000	 CONN	4	 3	 up
3947000	 CONN	4	 3	 down
3948000	 CONN	4	 3	 up
3949000	 CONN	4	 3	 down
3950000	 CONN	4	 3	 up
3951000	 CONN	4	 3	 down
3952000	 CONN	4	 3	 up
3953000	 CONN	4	 3	 down
3954000	 CONN	4	 3	 up
3955000	 CONN	4	 3	 down
3956000	 CONN	4	 3	 up
3957000	 CONN	4	 3	 down
3958000	 CONN	4	 3	 up
3959000	 CONN	4	 3	 down
3960000	 CONN	4	 3	 up
3961000	 CONN	4	 3	 down
3962000	 CONN	4	 3	 up
3963000	 CONN	4	 3	 down
3964000	 CONN	4	 3	 up
3965000	 CONN	4	 3	 down
3966000	 CONN	4	 3	 up
3967000	 CONN	4	 3	 down
3968000	 CONN	4	 3	 up
3969000	 CONN	4	 3	 down
3970000	 CONN	4	 3	 up
3971000	 CONN	4	 3	 down
3972000	 CONN	4	 3	 up
3973000	 CONN	4	 3	 down
3974000	 CONN	4	 3	 up
3975000	 CONN	4	 3	 down
3976000	 CONN	4	 3	 up
3977000	 CONN	4	 3	 down
3978000	 CONN	4	 3	 up
3979000	 CONN	4	 3	 down
3980000	 CONN	4	 3	 up
3981000	 CONN	4	 3	 down
3982000	 CONN	4	 3	 up
3983000	 CONN	4	 3	 down
3984000	 CONN	4	 3	 up
3985000	 CONN	4	 3	 down
3986000	 CONN	4	 3	 up
3987000	 CONN	4	 3	 down
3988000	 CONN	4	 3	 up
3989000	 CONN	4	 3	 down
3990000	 CONN	4	 3	 up
3991000	 CONN	4	 3	 down
3992000	 CONN	4	 3	 up
3993000	 CONN	4	 3	 down
3994000	 CONN	4	 3	 up
3995000	 CONN	4	 3	 down
3996000	 CONN	4	 3	 up
3997000	 CONN	4	 3	 down
3998000	 CONN	4	 3	 up
3999000	 CONN	4	 3	 down
4000000	 CONN	4	 3	 up
4001000	 CONN	4	 3	 down
4002000	 CONN	4	 3	 up
4003000	 CONN	4	 3	 down
4004000	 CONN	4	 3	 up
4005000	 CONN	4	 3	 down
4006000	 CONN	4	 3	 up
4007000	 CONN	4	 3	 down
4008000	 CONN	4	 3	 up
4009000	 CONN	4	 3	 down
4010000	 CONN	4	 3	 up
4011000	 CONN	4	 3	 down
4012000	 CONN	4	 3	 up
4013000	 CONN	4	 3	 down
4014000	 CONN	4	 3	 up
4015000	 CONN	4	 3	 down
4016000	 CONN	4	 3	 up
4017000	 CONN	4	 3	 down
4018000	 CONN	4	 3	 up
4019000	 CONN	4	 3	 down
4020000	 CONN	4	 3	 up
4021000	 CONN	4	 3	 down
4022000	 CONN	4	 3	 up
4023000	 CONN	4	 3	 down
4024000	 CONN	4	 3	 up
4025000	 CONN	4	 3	 down
4026000	 CONN	4	 3	 up
4027000	 CONN	4	 3	 down
4028000	 CONN	4	 3	 up
4029000	 CONN	4	 3	 down
4030000	 CONN	4	 3	 up
4031000	 CONN	4	 3	 down
4032000	 CONN	4	 3	 up
4033000	 CONN	4	 3	 down
4034000	 CONN	4	 3	 up
4035000	 CONN	4	 3	 down
4036000	 CONN	4	 3	 up
4037000	 CONN	4	 3	 down
4038000	 CONN	4	 3	 up
4039000	 CONN	4	 3	 down
4040000	 CONN	4	 3	 up
4041000	 CONN	4	 3	 down
4042000	 CONN	4	 3	 up
4043000	 CONN	4	 3	 down
4044000	 CONN	4	 3	 up
4045000	 CONN	4	 3	 down
4046000	 CONN	4	 3	 up
4047000	 CONN	4	 3	 down
4048000	 CONN	4	 3	 up
4049000	 CONN	4	 3	 down
4050000	 CONN	4	 3	 up
4051000	 CONN	4	 3	 down
4052000	 CONN	4	 3	 up
4053000	 CONN	4	 3	 down
4054000	 CONN	4	 3	 up
4055000	 CONN	4	 3	 down
4056000	 CONN	4	 3	 up
4057000	 CONN	4	 3	 down
4058000	 CONN	4	 3	 up
4059000	 CONN	4	 3	 down
4060000	 CONN	4	 3	 up
4061000	 CONN	4	 3	 down
4062000	 CONN	4	 3	 up
4063000	 CONN	4	 3	 down
4064000	 CONN	4	 3	 up
4065000	 CONN	4	 3	 down
4066000	 CONN	4	 3	 up
4067000	 CONN	4	 3	 down
4068000	 CONN	4	 3	 up
4069000	 CONN	4	 3	 down
4070000	 CONN	4	 3	 up
4071000	 CONN	4	 3	 down
4072000	 CONN	4	 3	 up
4073000	 CONN	4	 3	 down
4074000	 CONN	4	 3	 up
4075000	 CONN	4	 3	 down
4076000	 CONN	4	 3	 up
4077000	 CONN	4	 3	 down
4078000	 CONN	4	 3	 up
4079000	 CONN	4	 3	 down
4080000	 CONN	4	 3	 up
4081000	 CONN	4	 3	 down
4082000	 CONN	4	 3	 up
4083000	 CONN	4	 3	 down
4084000	 CONN	4	 3	 up
4085000	 CONN	4	 3	 down
4086000	 CONN	4	 3	 up
4087000	 CONN	4	 3	 down
4088000	 CONN	4	 3	 up
4089000	 CONN	4	 3	 down
4090000	 CONN	4	 3	 up
4091000	 CONN	4	 3	 down
4092000	 CONN	4	 3	 up
4093000	 CONN	4	 3	 down
4094000	 CONN	4	 3	 up
4095000	 CONN	4	 3	 down
4096000	 CONN	4	 3	 up
4097000	 CONN	4	 3	 down
4098000	 CONN	4	 3	 up
4099000	 CONN	4	 3	 down
4100000	 CONN	4	 3	 up
4101000	 CONN	4	 3	 down
4102000	 CONN	4	 3	 up
4103000	 CONN	4	 3	 down
4104000	 CONN	4	 3	 up
4105000	 CONN	4	 3	 down
4106000	 CONN	4	 3	 up
4107000	 CONN	4	 3	 down
4108000	 CONN	4	 3	 up
4109000	 CONN	4	 3	 down
4110000	 CONN	4	 3	 up
4111000	 CONN	4	 3	 down
4112000	 CONN	4	 3	 up
4113000	 CONN	4	 3	 down
4114000	 CONN	4	 3	 up
4115000	 CONN	4	 3	 down
4116000	 CONN	4	 3	 up
4117000	 CONN	4	 3	 down
4118000	 CONN	4	 3	 up
4119000	 CONN	4	 3	 down
4120000	 CONN	4	 3	 up
4121000	 CONN	4	 3	 down
4122000	 CONN	4	 3	 up
4123000	 CONN	4	 3	 down
4124000	 CONN	4	 3	 up
4125000	 CONN	4	 3	 down
4126000	 CONN	4	 3	 up
4127000	 CONN	4	 3	 down
4128000	 CONN	4	 3	 up
4129000	 CONN	4	 3	 down
4130000	 CONN	4	 3	 up
4131000	 CONN	4	 3	 down
4132000	 CONN	4	 3	 up
4133000	 CONN	4	 3	 down
4134000	 CONN	4	 3	 up
4135000	 CONN	4	 3	 down
4136000	 CONN	4	 3	 up
4137000	 CONN	4	 3	 down
4138000	 CONN	4	 3	 up
4139000	 CONN	4	 3	 down
4140000	 CONN	4	 3	 up
4141000	 CONN	4	 3	 down
4142000	 CONN	4	 3	 up
4143000	 CONN	4	 3	 down
4144000	 CONN	4	 3	 up
4145000	 CONN	4	 3	 down
4146000	 CONN	4	 3	 up
4147000	 CONN	4	 3	 down
4148000	 CONN	4	 3	 up
4149000	 CONN	4	 3	 down
4150000	 CONN	4	 3	 up
4151000	 CONN	4	 3	 down
4152000	 CONN	4	 3	 up
4153000	 CONN	4	 3	 down
4154000	 CONN	4	 3	 up
4155000	 CONN	4	 3	 down
4156000	 CONN	4	 3	 up
4157000	 CONN	4	 3	 down
4158000	 CONN	4	 3	 up
4159000	 CONN	4	 3	 down
4160000	 CONN	4	 3	 up
4161000	 CONN	4	 3	 down
4162000	 CONN	4	 3	 up
4163000	 CONN	4	 3	 down
4164000	 CONN	4	 3	 up
4165000	 CONN	4	 3	 down
4166000	 CONN	4	 3	 up
4167000	 CONN	4	 3	 down
4168000	 CONN	4	 3	 up
4169000	 CONN	4	 3	 down
4170000	 CONN	4	 3	 up
4171000	 CONN	4	 3	 down
4172000	 CONN	4	 3	 up
4173000	 CONN	4	 3	 down
4174000	 CONN	4	 3	 up
4175000	 CONN	4	 3	 down
4176000	 CONN	4	 3	 up
4177000	 CONN	4	 3	 down
4178000	 CONN	4	 3	 up
4179000	 CONN	4	 3	 down
4180000	 CONN	4	 3	 up
4181000	 CONN	4	 3	 down
4182000	 CONN	4	 3	 up
4183000	 CONN	4	 3	 down
4184000	 CONN	4	 3	 up
4185000	 CONN	4	 3	 down
4186000	 CONN	4	 3	 up
4187000	 CONN	4	 3	 down
4188000	 CONN	4	 3	 up
4189000	 CONN	4	 3	 down
4190000	 CONN	4	 3	 up
4191000	 CONN	4	 3	 down
4192000	 CONN	4	 3	 up
4193000	 CONN	4	 3	 down
4194000	 CONN	4	 3	 up
4195000	 CONN	4	 3	 down
4196000	 CONN	4	 3	 up
4197000	 CONN	4	 3	 down
4198000	 CONN	4	 3	 up
4199000	 CONN	4	 3	 down
4200000	 CONN	4	 3	 up
4201000	 CONN	4	 3	 down
4202000	 CONN	4	 3	 up
4203000	 CONN	4	 3	 down
4204000	 CONN	4	 3	 up
4205000	 CONN	4	 3	 down
4206000	 CONN	4	 3	 up
4207000	 CONN	4	 3	 down
4208000	 CONN	4	 3	 up
4209000	 CONN	4	 3	 down
4210000	 CONN	4	 3	 up
4211000	 CONN	4	 3	 down
4212000	 CONN	4	 3	 up
4213000	 CONN	4	 3	 down
4214000	 CONN	4	 3	 up
4215000	 CONN	4	 3	 down
4216000	 CONN	4	 3	 up
4217000	 CONN	4	 3	 down
4218000	 CONN	4	 3	 up
4219000	 CONN	4	 3	 down
4220000	 CONN	4	 3	 up
4221000	 CONN	4	 3	 down
4222000	 CONN	4	 3	 up
4223000	 CONN	4	 3	 down
4224000	 CONN	4	 3	 up
4225000	 CONN	4	 3	 down
4226000	 CONN	4	 3	 up
4227000	 CONN	4	 3	 down
4228000	 CONN	4	 3	 up
4229000	 CONN	4	 3	 down
4230000	 CONN	4	 3	 up
4231000	 CONN	4	 3	 down
4232000	 CONN	4	 3	 up
4233000	 CONN	4	 3	 down
4234000	 CONN	4	 3	 up
4235000	 CONN	4	 3	 down
4236000	 CONN	4	 3	 up
4237000	 CONN	4	 3	 down
4238000	 CONN	4	 3	 up
4239000	 CONN	4	 3	 down
4240000	 CONN	4	 3	 up
4241000	 CONN	4	 3	 down
4242000	 CONN	4	 3	 up
4243000	 CONN	4	 3	 down
4244000	 CONN	4	 3	 up
4245000	 CONN	4	 3	 down
4246000	 CONN	4	 3	 up
4247000	 CONN	4	 3	 down
4248000	 CONN	4	 3	 up
4249000	 CONN	4	 3	 down
4250000	 CONN	4	 3	 up
4251000	 CONN	4	 3	 down
4252000	 CONN	4	 3	 up
4253000	 CONN	4	 3	 down
4254000	 CONN	4	 3	 up
4255000	 CONN	4	 3	 down
4256000	 CONN	4	 3	 up
4257000	 CONN	4	 3	 down
4258000	 CONN	4	 3	 up
4259000	 CONN	4	 3	 down
4260000	 CONN	4	 3	 up
4261000	 CONN	4	 3	 down
4262000	 CONN	4	 3	 up
4263000	 CONN	4	 3	 down
4264000	 CONN	4	 3	 up
4265000	 CONN	4	 3	 down
4266000	 CONN	4	 3	 up
4267000	 CONN	4	 3	 down
4268000	 CONN	4	 3	 up
4269000	 CONN	4	 3	 down
4270000	 CONN	4	 3	 up
4271000	 CONN	4	 3	 down
4272000	 CONN	4	 3	 up
4273000	 CONN	4	 3	 down
4274000	 CONN	4	 3	 up
4275000	 CONN	4	 3	 down
4276000	 CONN	4	 3	 up
4277000	 CONN	4	 3	 down
4278000	 CONN	4	 3	 up
4279000	 CONN	4	 3	 down
4280000	 CONN	4	 3	 up
4281000	 CONN	4	 3	 down
4282000	 CONN	4	 3	 up
4283000	 CONN	4	 3	 down
4284000	 CONN	4	 3	 up
4285000	 CONN	4	 3	 down
4286000	 CONN	4	 3	 up
4287000	 CONN	4	 3	 down
4288000	 CONN	4	 3	 up
4289000	 CONN	4	 3	 down
4290000	 CONN	4	 3	 up
4291000	 CONN	4	 3	 down
4292000	 CONN	4	 3	 up
4293000	 CONN	4	 3	 down
4294000	 CONN	4	 3	 up
4295000	 CONN	4	 3	 down
4296000	 CONN	4	 3	 up
4297000	 CONN	4	 3	 down
4298000	 CONN	4	 3	 up
4299000	 CONN	4	 3	 down
4300000	 CONN	4	 3	 up
4301000	 CONN	4	 3	 down
4302000	 CONN	4	 3	 up
4303000	 CONN	4	 3	 down
4304000	 CONN	4	 3	 up
4305000	 CONN	4	 3	 down
4306000	 CONN	4	 3	 up
4307000	 CONN	4	 3	 down
4308000	 CONN	4	 3	 up
4309000	 CONN	4	 3	 down
4310000	 CONN	4	 3	 up
4311000	 CONN	4	 3	 down
4312000	 CONN	4	 3	 up
4313000	 CONN	4	 3	 down
4314000	 CONN	4	 3	 up
4315000	 CONN	4	 3	 down
4316000	 CONN	4	 3	 up
4317000	 CONN	4	 3	 down
4318000	 CONN	4	 3	 up
4319000	 CONN	4	 3	 down
4320000	 CONN	4	 3	 up
4321000	 CONN	4	 3	 down
4322000	 CONN	4	 3	 up
4323000	 CONN	4	 3	 down
4324000	 CONN	4	 3	 up
4325000	 CONN	4	 3	 down
4326000	 CONN	4	 3	 up
4327000	 CONN	4	 3	 down
4328000	 CONN	4	 3	 up
4329000	 CONN	4	 3	 down
4330000	 CONN	4	 3	 up
4331000	 CONN	4	 3	 down
4332000	 CONN	4	 3	 up
4333000	 CONN	4	 3	 down
4334000	 CONN	4	 3	 up
4335000	 CONN	4	 3	 down
4336000	 CONN	4	 3	 up
4337000	 CONN	4	 3	 down
4338000	 CONN	4	 3	 up
4339000	 CONN	4	 3	 down
4340000	 CONN	4	 3	 up
4341000	 CONN	4	 3	 down
4342000	 CONN	4	 3	 up
4343000	 CONN	4	 3	 down
4344000	 CONN	4	 3	 up
4345000	 CONN	4	 3	 down
4346000	 CONN	4	 3	 up
4347000	 CONN	4	 3	 down
4348000	 CONN	4	 3	 up
4349000	 CONN	4	 3	 down
4350000	 CONN	4	 3	 up
4351000	 CONN	4	 3	 down
4352000	 CONN	4	 3	 up
4353000	 CONN	4	 3	 down
4354000	 CONN	4	 3	 up
4355000	 CONN	4	 3	 down
4356000	 CONN	4	 3	 up
4357000	 CONN	4	 3	 down
4358000	 CONN	4	 3	 up
4359000	 CONN	4	 3	 down
4360000	 CONN	4	 3	 up
4361000	 CONN	4	 3	 down
4362000	 CONN	4	 3	 up
4363000	 CONN	4	 3	 down
4364000	 CONN	4	 3	 up
4365000	 CONN	4	 3	 down
4366000	 CONN	4	 3	 up
4367000	 CONN	4	 3	 down
4368000	 CONN	4	 3	 up
4369000	 CONN	4	 3	 down
4370000	 CONN	4	 3	 up
4371000	 CONN	4	 3	 down
4372000	 CONN	4	 3	 up
4373000	 CONN	4	 3	 down
4374000	 CONN	4	 3	 up
4375000	 CONN	4	 3	 down
4376000	 CONN	4	 3	 up
4377000	 CONN	4	 3	 down
4378000	 CONN	4	 3	 up
4379000	 CONN	4	 3	 down
4380000	 CONN	4	 3	 up
4381000	 CONN	4	 3	 down
4382000	 CONN	4	 3	 up
4383000	 CONN	4	 3	 down
4384000	 CONN	4	 3	 up
4385000	 CONN	4	 3	 down
4386000	 CONN	4	 3	 up
4387000	 CONN	4	 3	 down
4388000	 CONN	4	 3	 up
4389000	 CONN	4	 3	 down
4390000	 CONN	4	 3	 up
4391000	 CONN	4	 3	 down
4392000	 CONN	4	 3	 up
4393000	 CONN	4	 3	 down
4394000	 CONN	4	 3	 up
4395000	 CONN	4	 3	 down
4396000	 CONN	4	 3	 up
4397000	 CONN	4	 3	 down
4398000	 CONN	4	 3	 up
4399000	 CONN	4	 3	 down
4400000	 CONN	4	 3	 up
4401000	 CONN	4	 3	 down
4402000	 CONN	4	 3	 up
4403000	 CONN	4	 3	 down
4404000	 CONN	4	 3	 up
4405000	 CONN	4	 3	 down
4406000	 CONN	4	 3	 up
4407000	 CONN	4	 3	 down
4408000	 CONN	4	 3	 up
4409000	 CONN	4	 3	 down
4410000	 CONN	4	 3	 up
4411000	 CONN	4	 3	 down
4412000	 CONN	4	 3	 up
4413000	 CONN	4	 3	 down
4414000	 CONN	4	 3	 up
4415000	 CONN	4	 3	 down
4416000	 CONN	4	 3	 up
4417000	 CONN	4	 3	 down
4418000	 CONN	4	 3	 up
4419000	 CONN	4	 3	 down
4420000	 CONN	4	 3	 up
4421000	 CONN	4	 3	 down
4422000	 CONN	4	 3	 up
4423000	 CONN	4	 3	 down
4424000	 CONN	4	 3	 up
4425000	 CONN	4	 3	 down
4426000	 CONN	4	 3	 up
4427000	 CONN	4	 3	 down
4428000	 CONN	4	 3	 up
4429000	 CONN	4	 3	 down
4430000	 CONN	4	 3	 up
4431000	 CONN	4	 3	 down
4432000	 CONN	4	 3	 up
4433000	 CONN	4	 3	 down
4434000	 CONN	4	 3	 up
4435000	 CONN	4	 3	 down
4436000	 CONN	4	 3	 up
4437000	 CONN	4	 3	 down
4438000	 CONN	4	 3	 up
4439000	 CONN	4	 3	 down
4440000	 CONN	4	 3	 up
4441000	 CONN	4	 3	 down
4442000	 CONN	4	 3	 up
4443000	 CONN	4	 3	 down
4444000	 CONN	4	 3	 up
4445000	 CONN	4	 3	 down
4446000	 CONN	4	 3	 up
4447000	 CONN	4	 3	 down
4448000	 CONN	4	 3	 up
4449000	 CONN	4	 3	 down
4450000	 CONN	4	 3	 up
4451000	 CONN	4	 3	 down
4452000	 CONN	4	 3	 up
4453000	 CONN	4	 3	 down
4454000	 CONN	4	 3	 up
4455000	 CONN	4	 3	 down
4456000	 CONN	4	 3	 up
4457000	 CONN	4	 3	 down
4458000	 CONN	4	 3	 up
4459000	 CONN	4	 3	 down
4460000	 CONN	4	 3	 up
4461000	 CONN	4	 3	 down
4462000	 CONN	4	 3	 up
4463000	 CONN	4	 3	 down
4464000	 CONN	4	 3	 up
4465000	 CONN	4	 3	 down
4466000	 CONN	4	 3	 up
4467000	 CONN	4	 3	 down
4468000	 CONN	4	 3	 up
4469000	 CONN	4	 3	 down
4470000	 CONN	4	 3	 up
4471000	 CONN	4	 3	 down
4472000	 CONN	4	 3	 up
4473000	 CONN	4	 3	 down
4474000	 CONN	4	 3	 up
4475000	 CONN	4	 3	 down
4476000	 CONN	4	 3	 up
4477000	 CONN	4	 3	 down
4478000	 CONN	4	 3	 up
4479000	 CONN	4	 3	 down
4480000	 CONN	4	 3	 up
4481000	 CONN	4	 3	 down
4482000	 CONN	4	 3	 up
4483000	 CONN	4	 3	 down
4484000	 CONN	4	 3	 up
4485000	 CONN	4	 3	 down
4486000	 CONN	4	 3	 up
4487000	 CONN	4	 3	 down
4488000	 CONN	4	 3	 up
4489000	 CONN	4	 3	 down
4490000	 CONN	4	 3	 up
4491000	 CONN	4	 3	 down
4492000	 CONN	4	 3	 up
4493000	 CONN	4	 3	 down
4494000	 CONN	4	 3	 up
4495000	 CONN	4	 3	 down
4496000	 CONN	4	 3	 up
4497000	 CONN	4	 3	 down
4498000	 CONN	4	 3	 up
4499000	 CONN	4	 3	 down
4500000	 CONN	4	 3	 up
4501000	 CONN	4	 3	 down
4502000	 CONN	4	 3	 up
4503000	 CONN	4	 3	 down
4504000	 CONN	4	 3	 up
4505000	 CONN	4	 3	 down
4506000	 CONN	4	 3	 up
4507000	 CONN	4	 3	 down
4508000	 CONN	4	 3	 up
4509000	 CONN	4	 3	 down
4510000	 CONN	4	 3	 up
4511000	 CONN	4	 3	 down
4512000	 CONN	4	 3	 up
4513000	 CONN	4	 3	 down
4514000	 CONN	4	 3	 up
4515000	 CONN	4	 3	 down
4516000	 CONN	4	 3	 up
4517000	 CONN	4	 3	 down
4518000	 CONN	4	 3	 up
4519000	 CONN	4	 3	 down
4520000	 CONN	4	 3	 up
4521000	 CONN	4	 3	 down
4522000	 CONN	4	 3	 up
4523000	 CONN	4	 3	 down
4524000	 CONN	4	 3	 up
4525000	 CONN	4	 3	 down
4526000	 CONN	4	 3	 up
4527000	 CONN	4	 3	 down
4528000	 CONN	4	 3	 up
4529000	 CONN	4	 3	 down
4530000	 CONN	4	 3	 up
4531000	 CONN	4	 3	 down
4532000	 CONN	4	 3	 up
4533000	 CONN	4	 3	 down
4534000	 CONN	4	 3	 up
4535000	 CONN	4	 3	 down
4536000	 CONN	4	 3	 up
4537000	 CONN	4	 3	 down
4538000	 CONN	4	 3	 up
4539000	 CONN	4	 3	 down
4540000	 CONN	4	 3	 up
4541000	 CONN	4	 3	 down
4542000	 CONN	4	 3	 up
4543000	 CONN	4	 3	 down
4544000	 CONN	4	 3	 up
4545000	 CONN	4	 3	 down
4546000	 CONN	4	 3	 up
4547000	 CONN	4	 3	 down
4548000	 CONN	4	 3	 up
4549000	 CONN	4	 3	 down
4550000	 CONN	4	 3	 up
4551000	 CONN	4	 3	 down
4552000	 CONN	4	 3	 up
4553000	 CONN	4	 3	 down
4554000	 CONN	4	 3	 up
4555000	 CONN	4	 3	 down
4556000	 CONN	4	 3	 up
4557000	 CONN	4	 3	 down
4558000	 CONN	4	 3	 up
4559000	 CONN	4	 3	 down
4560000	 CONN	4	 3	 up
4561000	 CONN	4	 3	 down
4562000	 CONN	4	 3	 up
4563000	 CONN	4	 3	 down
4564000	 CONN	4	 3	 up
4565000	 CONN	4	 3	 down
4566000	 CONN	4	 3	 up
4567000	 CONN	4	 3	 down
4568000	 CONN	4	 3	 up
4569000	 CONN	4	 3	 down
4570000	 CONN	4	 3	 up
4571000	 CONN	4	 3	 down
4572000	 CONN	4	 3	 up
4573000	 CONN	4	 3	 down
4574000	 CONN	4	 3	 up
4575000	 CONN	4	 3	 down
4576000	 CONN	4	 3	 up
4577000	 CONN	4	 3	 down
4578000	 CONN	4	 3	 up
4579000	 CONN	4	 3	 down
4580000	 CONN	4	 3	 up
4581000	 CONN	4	 3	 down
4582000	 CONN	4	 3	 up
4583000	 CONN	4	 3	 down
4584000	 CONN	4	 3	 up
4585000	 CONN	4	 3	 down
4586000	 CONN	4	 3	 up
4587000	 CONN	4	 3	 down
4588000	 CONN	4	 3	 up
4589000	 CONN	4	 3	 down
4590000	 CONN	4	 3	 up
4591000	 CONN	4	 3	 down
4592000	 CONN	4	 3	 up
4593000	 CONN	4	 3	 down
4594000	 CONN	4	 3	 up
4595000	 CONN	4	 3	 down
4596000	 CONN	4	 3	 up
4597000	 CONN	4	 3	 down
4598000	 CONN	4	 3	 up
4599000	 CONN	4	 3	 down
4600000	 CONN	4	 3	 up
4601000	 CONN	4	 3	 down
4602000	 CONN	4	 3	 up
4603000	 CONN	4	 3	 down
4604000	 CONN	4	 3	 up
4605000	 CONN	4	 3	 down
4606000	 CONN	4	 3	 up
4607000	 CONN	4	 3	 down
4608000	 CONN	4	 3	 up
4609000	 CONN	4	 3	 down
4610000	 CONN	4	 3	 up
4611000	 CONN	4	 3	 down
4612000	 CONN	4	 3	 up
4613000	 CONN	4	 3	 down
4614000	 CONN	4	 3	 up
4615000	 CONN	4	 3	 down
4616000	 CONN	4	 3	 up
4617000	 CONN	4	 3	 down
4618000	 CONN	4	 3	 up
4619000	 CONN	4	 3	 down
4620000	 CONN	4	 3	 up
4621000	 CONN	4	 3	 down
4622000	 CONN	4	 3	 up
4623000	 CONN	4	 3	 down
4624000	 CONN	4	 3	 up
4625000	 CONN	4	 3	 down
4626000	 CONN	4	 3	 up
4627000	 CONN	4	 3	 down
4628000	 CONN	4	 3	 up
4629000	 CONN	4	 3	 down
4630000	 CONN	4	 3	 up
4631000	 CONN	4	 3	 down
4632000	 CONN	4	 3	 up
4633000	 CONN	4	 3	 down
4634000	 CONN	4	 3	 up
4635000	 CONN	4	 3	 down
4636000	 CONN	4	 3	 up
4637000	 CONN	4	 3	 down
4638000	 CONN	4	 3	 up
4639000	 CONN	4	 3	 down
4640000	 CONN	4	 3	 up
4641000	 CONN	4	 3	 down
4642000	 CONN	4	 3	 up
4643000	 CONN	4	 3	 down
4644000	 CONN	4	 3	 up
4645000	 CONN	4	 3	 down
4646000	 CONN	4	 3	 up
4647000	 CONN	4	 3	 down
4648000	 CONN	4	 3	 up
4649000	 CONN	4	 3	 down
4650000	 CONN	4	 3	 up
4651000	 CONN	4	 3	 down
4652000	 CONN	4	 3	 up
4653000	 CONN	4	 3	 down
4654000	 CONN	4	 3	 up
4655000	 CONN	4	 3	 down
4656000	 CONN	4	 3	 up
4657000	 CONN	4	 3	 down
4658000	 CONN	4	 3	 up
4659000	 CONN	4	 3	 down
4660000	 CONN	4	 3	 up
4661000	 CONN	4	 3	 down
4662000	 CONN	4	 3	 up
4663000	 CONN	4	 3	 down
4664000	 CONN	4	 3	 up
4665000	 CONN	4	 3	 down
4666000	 CONN	4	 3	 up
4667000	 CONN	4	 3	 down
4668000	 CONN	4	 3	 up
4669000	 CONN	4	 3	 down
4670000	 CONN	4	 3	 up
4671000	 CONN	4	 3	 down
4672000	 CONN	4	 3	 up
4673000	 CONN	4	 3	 down
4674000	 CONN	4	 3	 up
4675000	 CONN	4	 3	 down
4676000	 CONN	4	 3	 up
4677000	 CONN	4	 3	 down
4678000	 CONN	4	 3	 up
4679000	 CONN	4	 3	 down
4680000	 CONN	4	 3	 up
4681000	 CONN	4	 3	 down
4682000	 CONN	4	 3	 up
4683000	 CONN	4	 3	 down
4684000	 CONN	4	 3	 up
4685000	 CONN	4	 3	 down
4686000	 CONN	4	 3	 up
4687000	 CONN	4	 3	 down
4688000	 CONN	4	 3	 up
4689000	 CONN	4	 3	 down
4690000	 CONN	4	 3	 up
4691000	 CONN	4	 3	 down
4692000	 CONN	4	 3	 up
4693000	 CONN	4	 3	 down
4694000	 CONN	4	 3	 up
4695000	 CONN	4	 3	 down
4696000	 CONN	4	 3	 up
4697000	 CONN	4	 3	 down
4698000	 CONN	4	 3	 up
4699000	 CONN	4	 3	 down
4700000	 CONN	4	 3	 up
4701000	 CONN	4	 3	 down
4702000	 CONN	4	 3	 up
4703000	 CONN	4	 3	 down
4704000	 CONN	4	 3	 up
4705000	 CONN	4	 3	 down
4706000	 CONN	4	 3	 up
4707000	 CONN	4	 3	 down
4708000	 CONN	4	 3	 up
4709000	 CONN	4	 3	 down
4710000	 CONN	4	 3	 up
4711000	 CONN	4	 3	 down
4712000	 CONN	4	 3	 up
4713000	 CONN	4	 3	 down
4714000	 CONN	4	 3	 up
4715000	 CONN	4	 3	 down
4716000	 CONN	4	 3	 up
4717000	 CONN	4	 3	 down
4718000	 CONN	4	 3	 up
4719000	 CONN	4	 3	 down
4720000	 CONN	4	 3	 up
4721000	 CONN	4	 3	 down
4722000	 CONN	4	 3	 up
4723000	 CONN	4	 3	 down
4724000	 CONN	4	 3	 up
4725000	 CONN	4	 3	 down
4726000	 CONN	4	 3	 up
4727000	 CONN	4	 3	 down
4728000	 CONN	4	 3	 up
4729000	 CONN	4	 3	 down
4730000	 CONN	4	 3	 up
4731000	 CONN	4	 3	 down
4732000	 CONN	4	 3	 up
4733000	 CONN	4	 3	 down
4734000	 CONN	4	 3	 up
4735000	 CONN	4	 3	 down
4736000	 CONN	4	 3	 up
4737000	 CONN	4	 3	 down
4738000	 CONN	4	 3	 up
4739000	 CONN	4	 3	 down
4740000	 CONN	4	 3	 up
4741000	 CONN	4	 3	 down
4742000	 CONN	4	 3	 up
4743000	 CONN	4	 3	 down
4744000	 CONN	4	 3	 up
4745000	 CONN	4	 3	 down
4746000	 CONN	4	 3	 up
4747000	 CONN	4	 3	 down
4748000	 CONN	4	 3	 up
4749000	 CONN	4	 3	 down
4750000	 CONN	4	 3	 up
4751000	 CONN	4	 3	 down
4752000	 CONN	4	 3	 up
4753000	 CONN	4	 3	 down
4754000	 CONN	4	 3	 up
4755000	 CONN	4	 3	 down
4756000	 CONN	4	 3	 up
4757000	 CONN	4	 3	 down
4758000	 CONN	4	 3	 up
4759000	 CONN	4	 3	 down
4760000	 CONN	4	 3	 up
4761000	 CONN	4	 3	 down
4762000	 CONN	4	 3	 up
4763000	 CONN	4	 3	 down
4764000	 CONN	4	 3	 up
4765000	 CONN	4	 3	 down
4766000	 CONN	4	 3	 up
4767000	 CONN	4	 3	 down
4768000	 CONN	4	 3	 up
4769000	 CONN	4	 3	 down
4770000	 CONN	4	 3	 up
4771000	 CONN	4	 3	 down
4772000	 CONN	4	 3	 up
4773000	 CONN	4	 3	 down
4774000	 CONN	4	 3	 up
4775000	 CONN	4	 3	 down
4776000	 CONN	4	 3	 up
4777000	 CONN	4	 3	 down
4778000	 CONN	4	 3	 up
4779000	 CONN	4	 3	 down
4780000	 CONN	4	 3	 up
4781000	 CONN	4	 3	 down
4782000	 CONN	4	 3	 up
4783000	 CONN	4	 3	 down
4784000	 CONN	4	 3	 up
4785000	 CONN	4	 3	 down
4786000	 CONN	4	 3	 up
4787000	 CONN	4	 3	 down
4788000	 CONN	4	 3	 up
4789000	 CONN	4	 3	 down
4790000	 CONN	4	 3	 up
4791000	 CONN	4	 3	 down
4792000	 CONN	4	 3	 up
4793000	 CONN	4	 3	 down
4794000	 CONN	4	 3	 up
4795000	 CONN	4	 3	 down
4796000	 CONN	4	 3	 up
4797000	 CONN	4	 3	 down
4798000	 CONN	4	 3	 up
4799000	 CONN	4	 3	 down
4800000	 CONN	4	 3	 up
4801000	 CONN	4	 3	 down
4802000	 CONN	4	 3	 up
4803000	 CONN	4	 3	 down
4804000	 CONN	4	 3	 up
4805000	 CONN	4	 3	 down
4806000	 CONN	4	 3	 up
4807000	 CONN	4	 3	 down
4808000	 CONN	4	 3	 up
4809000	 CONN	4	 3	 down
4810000	 CONN	4	 3	 up
4811000	 CONN	4	 3	 down
4812000	 CONN	4	 3	 up
4813000	 CONN	4	 3	 down
4814000	 CONN	4	 3	 up
4815000	 CONN	4	 3	 down
4816000	 CONN	4	 3	 up
4817000	 CONN	4	 3	 down
4818000	 CONN	4	 3	 up
4819000	 CONN	4	 3	 down
4820000	 CONN	4	 3	 up
4821000	 CONN	4	 3	 down
4822000	 CONN	4	 3	 up
4823000	 CONN	4	 3	 down
4824000	 CONN	4	 3	 up
4825000	 CONN	4	 3	 down
4826000	 CONN	4	 3	 up
4827000	 CONN	4	 3	 down
4828000	 CONN	4	 3	 up
4829000	 CONN	4	 3	 down
4830000	 CONN	4	 3	 up
4831000	 CONN	4	 3	 down
4832000	 CONN	4	 3	 up
4833000	 CONN	4	 3	 down
4834000	 CONN	4	 3	 up
4835000	 CONN	4	 3	 down
4836000	 CONN	4	 3	 up
4837000	 CONN	4	 3	 down
4838000	 CONN	4	 3	 up
4839000	 CONN	4	 3	 down
4840000	 CONN	4	 3	 up
4841000	 CONN	4	 3	 down
4842000	 CONN	4	 3	 up
4843000	 CONN	4	 3	 down
4844000	 CONN	4	 3	 up
4845000	 CONN	4	 3	 down
4846000	 CONN	4	 3	 up
4847000	 CONN	4	 3	 down
4848000	 CONN	4	 3	 up
4849000	 CONN	4	 3	 down
4850000	 CONN	4	 3	 up
4851000	 CONN	4	 3	 down
4852000	 CONN	4	 3	 up
4853000	 CONN	4	 3	 down
4854000	 CONN	4	 3	 up
4855000	 CONN	4	 3	 down
4856000	 CONN	4	 3	 up
4857000	 CONN	4	 3	 down
4858000	 CONN	4	 3	 up
4859000	 CONN	4	 3	 down
4860000	 CONN	4	 3	 up
4861000	 CONN	4	 3	 down
4862000	 CONN	4	 3	 up
4863000	 CONN	4	 3	 down
4864000	 CONN	4	 3	 up
4865000	 CONN	4	 3	 down
4866000	 CONN	4	 3	 up
4867000	 CONN	4	 3	 down
4868000	 CONN	4	 3	 up
4869000	 CONN	4	 3	 down
4870000	 CONN	4	 3	 up
4871000	 CONN	4	 3	 down
4872000	 CONN	4	 3	 up
4873000	 CONN	4	 3	 down
4874000	 CONN	4	 3	 up
4875000	 CONN	4	 3	 down
4876000	 CONN	4	 3	 up
4877000	 CONN	4	 3	 down
4878000	 CONN	4	 3	 up
4879000	 CONN	4	 3	 down
4880000	 CONN	4	 3	 up
4881000	 CONN	4	 3	 down
4882000	 CONN	4	 3	 up
4883000	 CONN	4	 3	 down
4884000	 CONN	4	 3	 up
4885000	 CONN	4	 3	 down
4886000	 CONN	4	 3	 up
4887000	 CONN	4	 3	 down
4888000	 CONN	4	 3	 up
4889000	 CONN	4	 3	 down
4890000	 CONN	4	 3	 up
4891000	 CONN	4	 3	 down
4892000	 CONN	4	 3	 up
4893000	 CONN	4	 3	 down
4894000	 CONN	4	 3	 up
4895000	 CONN	4	 3	 down
4896000	 CONN	4	 3	 up
4897000	 CONN	4	 3	 down
4898000	 CONN	4	 3	 up
4899000	 CONN	4	 3	 down
4900000	 CONN	4	 3	 up
4901000	 CONN	4	 3	 down
4902000	 CONN	4	 3	 up
4903000	 CONN	4	 3	 down
4904000	 CONN	4	 3	 up
4905000	 CONN	4	 3	 down
4906000	 CONN	4	 3	 up
4907000	 CONN	4	 3	 down
4908000	 CONN	4	 3	 up
4909000	 CONN	4	 3	 down
4910000	 CONN	4	 3	 up
4911000	 CONN	4	 3	 down
4912000	 CONN	4	 3	 up
4913000	 CONN	4	 3	 down
4914000	 CONN	4	 3	 up
4915000	 CONN	4	 3	 down
4916000	 CONN	4	 3	 up
4917000	 CONN	4	 3	 down
4918000	 CONN	4	 3	 up
4919000	 CONN	4	 3	 down
4920000	 CONN	4	 3	 up
4921000	 CONN	4	 3	 down
4922000	 CONN	4	 3	 up
4923000	 CONN	4	 3	 down
4924000	 CONN	4	 3	 up
4925000	 CONN	4	 3	 down
4926000	 CONN	4	 3	 up
4927000	 CONN	4	 3	 down
4928000	 CONN	4	 3	 up
4929000	 CONN	4	 3	 down
4930000	 CONN	4	 3	 up
4931000	 CONN	4	 3	 down
4932000	 CONN	4	 3	 up
4933000	 CONN	4	 3	 down
4934000	 CONN	4	 3	 up
4935000	 CONN	4	 3	 down
4936000	 CONN	4	 3	 up
4937000	 CONN	4	 3	 down
4938000	 CONN	4	 3	 up
4939000	 CONN	4	 3	 down
4940000	 CONN	4	 3	 up
4941000	 CONN	4	 3	 down
4942000	 CONN	4	 3	 up
4943000	 CONN	4	 3	 down
4944000	 CONN	4	 3	 up
4945000	 CONN	4	 3	 down
4946000	 CONN	4	 3	 up
4947000	 CONN	4	 3	 down
4948000	 CONN	4	 3	 up
4949000	 CONN	4	 3	 down
4950000	 CONN	4	 3	 up
4951000	 CONN	4	 3	 down
4952000	 CONN	4	 3	 up
4953000	 CONN	4	 3	 down
4954000	 CONN	4	 3	 up
4955000	 CONN	4	 3	 down
4956000	 CONN	4	 3	 up
4957000	 CONN	4	 3	 down
4958000	 CONN	4	 3	 up
4959000	 CONN	4	 3	 down
4960000	 CONN	4	 3	 up
4961000	 CONN	4	 3	 down
4962000	 CONN	4	 3	 up
4963000	 CONN	4	 3	 down
4964000	 CONN	4	 3	 up
4965000	 CONN	4	 3	 down
4966000	 CONN	4	 3	 up
4967000	 CONN	4	 3	 down
4968000	 CONN	4	 3	 up
4969000	 CONN	4	 3	 down
4970000	 CONN	4	 3	 up
4971000	 CONN	4	 3	 down
4972000	 CONN	4	 3	 up
4973000	 CONN	4	 3	 down
4974000	 CONN	4	 3	 up
4975000	 CONN	4	 3	 down
4976000	 CONN	4	 3	 up
4977000	 CONN	4	 3	 down
4978000	 CONN	4	 3	 up
4979000	 CONN	4	 3	 down
4980000	 CONN	4	 3	 up
4981000	 CONN	4	 3	 down
4982000	 CONN	4	 3	 up
4983000	 CONN	4	 3	 down
4984000	 CONN	4	 3	 up
4985000	 CONN	4	 3	 down
4986000	 CONN	4	 3	 up
4987000	 CONN	4	 3	 down
4988000	 CONN	4	 3	 up
4989000	 CONN	4	 3	 down
4990000	 CONN	4	 3	 up
4991000	 CONN	4	 3	 down
4992000	 CONN	4	 3	 up
4993000	 CONN	4	 3	 down
4994000	 CONN	4	 3	 up
4995000	 CONN	4	 3	 down
4996000	 CONN	4	 3	 up
4997000	 CONN	4	 3	 down
4998000	 CONN	4	 3	 up
4999000	 CONN	4	 3	 down
5000000	 CONN	4	 3	 up
5001000	 CONN	4	 3	 down
5002000	 CONN	4	 3	 up
5003000	 CONN	4	 3	 down
5004000	 CONN	4	 3	 up
5005000	 CONN	4	 3	 down
5006000	 CONN	4	 3	 up
5007000	 CONN	4	 3	 down
5008000	 CONN	4	 3	 up
5009000	 CONN	4	 3	 down
5010000	 CONN	4	 3	 up
5011000	 CONN	4	 3	 down
5012000	 CONN	4	 3	 up
5013000	 CONN	4	 3	 down
5014000	 CONN	4	 3	 up
5015000	 CONN	4	 3	 down
5016000	 CONN	4	 3	 up
5017000	 CONN	4	 3	 down
5018000	 CONN	4	 3	 up
5019000	 CONN	4	 3	 down
5020000	 CONN	4	 3	 up
5021000	 CONN	4	 3	 down
5022000	 CONN	4	 3	 up
5023000	 CONN	4	 3	 down
5024000	 CONN	4	 3	 up
5025000	 CONN	4	 3	 down
5026000	 CONN	4	 3	 up
5027000	 CONN	4	 3	 down
5028000	 CONN	4	 3	 up
5029000	 CONN	4	 3	 down
5030000	 CONN	4	 3	 up
5031000	 CONN	4	 3	 down
5032000	 CONN	4	 3	 up
5033000	 CONN	4	 3	 down
5034000	 CONN	4	 3	 up
5035000	 CONN	4	 3	 down
5036000	 CONN	4	 3	 up
5037000	 CONN	4	 3	 down
5038000	 CONN	4	 3	 up
5039000	 CONN	4	 3	 down
5040000	 CONN	4	 3	 up
5041000	 CONN	4	 3	 down
5042000	 CONN	4	 3	 up
5043000	 CONN	4	 3	 down
5044000	 CONN	4	 3	 up
5045000	 CONN	4	 3	 down
5046000	 CONN	4	 3	 up
5047000	 CONN	4	 3	 down
5048000	 CONN	4	 3	 up
5049000	 CONN	4	 3	 down
5050000	 CONN	4	 3	 up
5051000	 CONN	4	 3	 down
5052000	 CONN	4	 3	 up
5053000	 CONN	4	 3	 down
5054000	 CONN	4	 3	 up
5055000	 CONN	4	 3	 down
5056000	 CONN	4	 3	 up
5057000	 CONN	4	 3	 down
5058000	 CONN	4	 3	 up
5059000	 CONN	4	 3	 down
5060000	 CONN	4	 3	 up
5061000	 CONN	4	 3	 down
5062000	 CONN	4	 3	 up
5063000	 CONN	4	 3	 down
5064000	 CONN	4	 3	 up
5065000	 CONN	4	 3	 down
5066000	 CONN	4	 3	 up
5067000	 CONN	4	 3	 down
5068000	 CONN	4	 3	 up
5069000	 CONN	4	 3	 down
5070000	 CONN	4	 3	 up
5071000	 CONN	4	 3	 down
5072000	 CONN	4	 3	 up
5073000	 CONN	4	 3	 down
5074000	 CONN	4	 3	 up
5075000	 CONN	4	 3	 down
5076000	 CONN	4	 3	 up
5077000	 CONN	4	 3	 down
5078000	 CONN	4	 3	 up
5079000	 CONN	4	 3	 down
5080000	 CONN	4	 3	 up
5081000	 CONN	4	 3	 down
5082000	 CONN	4	 3	 up
5083000	 CONN	4	 3	 down
5084000	 CONN	4	 3	 up
5085000	 CONN	4	 3	 down
5086000	 CONN	4	 3	 up
5087000	 CONN	4	 3	 down
5088000	 CONN	4	 3	 up
5089000	 CONN	4	 3	 down
5090000	 CONN	4	 3	 up
5091000	 CONN	4	 3	 down
5092000	 CONN	4	 3	 up
5093000	 CONN	4	 3	 down
5094000	 CONN	4	 3	 up
5095000	 CONN	4	 3	 down
5096000	 CONN	4	 3	 up
5097000	 CONN	4	 3	 down
5098000	 CONN	4	 3	 up
5099000	 CONN	4	 3	 down
5100000	 CONN	4	 3	 up
5101000	 CONN	4	 3	 down
5102000	 CONN	4	 3	 up
5103000	 CONN	4	 3	 down
5104000	 CONN	4	 3	 up
5105000	 CONN	4	 3	 down
5106000	 CONN	4	 3	 up
5107000	 CONN	4	 3	 down
5108000	 CONN	4	 3	 up
5109000	 CONN	4	 3	 down
5110000	 CONN	4	 3	 up
5111000	 CONN	4	 3	 down
5112000	 CONN	4	 3	 up
5113000	 CONN	4	 3	 down
5114000	 CONN	4	 3	 up
5115000	 CONN	4	 3	 down
5116000	 CONN	4	 3	 up
5117000	 CONN	4	 3	 down
5118000	 CONN	4	 3	 up
5119000	 CONN	4	 3	 down
5120000	 CONN	4	 3	 up
5121000	 CONN	4	 3	 down
5122000	 CONN	4	 3	 up
5123000	 CONN	4	 3	 down
5124000	 CONN	4	 3	 up
5125000	 CONN	4	 3	 down
5126000	 CONN	4	 3	 up
5127000	 CONN	4	 3	 down
5128000	 CONN	4	 3	 up
5129000	 CONN	4	 3	 down
5130000	 CONN	4	 3	 up
5131000	 CONN	4	 3	 down
5132000	 CONN	4	 3	 up
5133000	 CONN	4	 3	 down
5134000	 CONN	4	 3	 up
5135000	 CONN	4	 3	 down
5136000	 CONN	4	 3	 up
5137000	 CONN	4	 3	 down
5138000	 CONN	4	 3	 up
5139000	 CONN	4	 3	 down
5140000	 CONN	4	 3	 up
5141000	 CONN	4	 3	 down
5142000	 CONN	4	 3	 up
5143000	 CONN	4	 3	 down
5144000	 CONN	4	 3	 up
5145000	 CONN	4	 3	 down
5146000	 CONN	4	 3	 up
5147000	 CONN	4	 3	 down
5148000	 CONN	4	 3	 up
5149000	 CONN	4	 3	 down
5150000	 CONN	4	 3	 up
5151000	 CONN	4	 3	 down
5152000	 CONN	4	 3	 up
5153000	 CONN	4	 3	 down
5154000	 CONN	4	 3	 up
5155000	 CONN	4	 3	 down
5156000	 CONN	4	 3	 up
5157000	 CONN	4	 3	 down
5158000	 CONN	4	 3	 up
5159000	 CONN	4	 3	 down
5160000	 CONN	4	 3	 up
5161000	 CONN	4	 3	 down
5162000	 CONN	4	 3	 up
5163000	 CONN	4	 3	 down
5164000	 CONN	4	 3	 up
5165000	 CONN	4	 3	 down
5166000	 CONN	4	 3	 up
5167000	 CONN	4	 3	 down
5168000	 CONN	4	 3	 up
5169000	 CONN	4	 3	 down
5170000	 CONN	4	 3	 up
5171000	 CONN	4	 3	 down
5172000	 CONN	4	 3	 up
5173000	 CONN	4	 3	 down
5174000	 CONN	4	 3	 up
5175000	 CONN	4	 3	 down
5176000	 CONN	4	 3	 up
5177000	 CONN	4	 3	 down
5178000	 CONN	4	 3	 up
5179000	 CONN	4	 3	 down
5180000	 CONN	4	 3	 up
5181000	 CONN	4	 3	 down
5182000	 CONN	4	 3	 up
5183000	 CONN	4	 3	 down
5184000	 CONN	4	 3	 up
5185000	 CONN	4	 3	 down
5186000	 CONN	4	 3	 up
5187000	 CONN	4	 3	 down
5188000	 CONN	4	 3	 up
5189000	 CONN	4	 3	 down
5190000	 CONN	4	 3	 up
5191000	 CONN	4	 3	 down
5192000	 CONN	4	 3	 up
5193000	 CONN	4	 3	 down
5194000	 CONN	4	 3	 up
5195000	 CONN	4	 3	 down
5196000	 CONN	4	 3	 up
5197000	 CONN	4	 3	 down
5198000	 CONN	4	 3	 up
5199000	 CONN	4	 3	 down
5200000	 CONN	4	 3	 up
5201000	 CONN	4	 3	 down
5202000	 CONN	4	 3	 up
5203000	 CONN	4	 3	 down
5204000	 CONN	4	 3	 up
5205000	 CONN	4	 3	 down
5206000	 CONN	4	 3	 up
5207000	 CONN	4	 3	 down
5208000	 CONN	4	 3	 up
5209000	 CONN	4	 3	 down
5210000	 CONN	4	 3	 up
5211000	 CONN	4	 3	 down
5212000	 CONN	4	 3	 up
5213000	 CONN	4	 3	 down
5214000	 CONN	4	 3	 up
5215000	 CONN	4	 3	 down
5216000	 CONN	4	 3	 up
5217000	 CONN	4	 3	 down
5218000	 CONN	4	 3	 up
5219000	 CONN	4	 3	 down
5220000	 CONN	4	 3	 up
5221000	 CONN	4	 3	 down
5222000	 CONN	4	 3	 up
5223000	 CONN	4	 3	 down
5224000	 CONN	4	 3	 up
5225000	 CONN	4	 3	 down
5226000	 CONN	4	 3	 up
5227000	 CONN	4	 3	 down
5228000	 CONN	4	 3	 up
5229000	 CONN	4	 3	 down
5230000	 CONN	4	 3	 up
5231000	 CONN	4	 3	 down
5232000	 CONN	4	 3	 up
5233000	 CONN	4	 3	 down
5234000	 CONN	4	 3	 up
5235000	 CONN	4	 3	 down
5236000	 CONN	4	 3	 up
5237000	 CONN	4	 3	 down
5238000	 CONN	4	 3	 up
5239000	 CONN	4	 3	 down
5240000	 CONN	4	 3	 up
5241000	 CONN	4	 3	 down
5242000	 CONN	4	 3	 up
5243000	 CONN	4	 3	 down
5244000	 CONN	4	 3	 up
5245000	 CONN	4	 3	 down
5246000	 CONN	4	 3	 up
5247000	 CONN	4	 3	 down
5248000	 CONN	4	 3	 up
5249000	 CONN	4	 3	 down
5250000	 CONN	4	 3	 up
5251000	 CONN	4	 3	 down
5252000	 CONN	4	 3	 up
5253000	 CONN	4	 3	 down
5254000	 CONN	4	 3	 up
5255000	 CONN	4	 3	 down
5256000	 CONN	4	 3	 up
5257000	 CONN	4	 3	 down
5258000	 CONN	4	 3	 up
5259000	 CONN	4	 3	 down
5260000	 CONN	4	 3	 up
5261000	 CONN	4	 3	 down
5262000	 CONN	4	 3	 up
5263000	 CONN	4	 3	 down
5264000	 CONN	4	 3	 up
5265000	 CONN	4	 3	 down
5266000	 CONN	4	 3	 up
5267000	 CONN	4	 3	 down
5268000	 CONN	4	 3	 up
5269000	 CONN	4	 3	 down
5270000	 CONN	4	 3	 up
5271000	 CONN	4	 3	 down
5272000	 CONN	4	 3	 up
5273000	 CONN	4	 3	 down
5274000	 CONN	4	 3	 up
5275000	 CONN	4	 3	 down
5276000	 CONN	4	 3	 up
5277000	 CONN	4	 3	 down
5278000	 CONN	4	 3	 up
5279000	 CONN	4	 3	 down
5280000	 CONN	4	 3	 up
5281000	 CONN	4	 3	 down
5282000	 CONN	4	 3	 up
5283000	 CONN	4	 3	 down
5284000	 CONN	4	 3	 up
5285000	 CONN	4	 3	 down
5286000	 CONN	4	 3	 up
5287000	 CONN	4	 3	 down
5288000	 CONN	4	 3	 up
5289000	 CONN	4	 3	 down
5290000	 CONN	4	 3	 up
5291000	 CONN	4	 3	 down
5292000	 CONN	4	 3	 up
5293000	 CONN	4	 3	 down
5294000	 CONN	4	 3	 up
5295000	 CONN	4	 3	 down
5296000	 CONN	4	 3	 up
5297000	 CONN	4	 3	 down
5298000	 CONN	4	 3	 up
5299000	 CONN	4	 3	 down
5300000	 CONN	4	 3	 up
5301000	 CONN	4	 3	 down
5302000	 CONN	4	 3	 up
5303000	 CONN	4	 3	 down
5304000	 CONN	4	 3	 up
5305000	 CONN	4	 3	 down
5306000	 CONN	4	 3	 up
5307000	 CONN	4	 3	 down
5308000	 CONN	4	 3	 up
5309000	 CONN	4	 3	 down
5310000	 CONN	4	 3	 up
5311000	 CONN	4	 3	 down
5312000	 CONN	4	 3	 up
5313000	 CONN	4	 3	 down
5314000	 CONN	4	 3	 up
5315000	 CONN	4	 3	 down
5316000	 CONN	4	 3	 up
5317000	 CONN	4	 3	 down
5318000	 CONN	4	 3	 up
5319000	 CONN	4	 3	 down
5320000	 CONN	4	 3	 up
5321000	 CONN	4	 3	 down
5322000	 CONN	4	 3	 up
5323000	 CONN	4	 3	 down
5324000	 CONN	4	 3	 up
5325000	 CONN	4	 3	 down
5326000	 CONN	4	 3	 up
5327000	 CONN	4	 3	 down
5328000	 CONN	4	 3	 up
5329000	 CONN	4	 3	 down
5330000	 CONN	4	 3	 up
5331000	 CONN	4	 3	 down
5332000	 CONN	4	 3	 up
5333000	 CONN	4	 3	 down
5334000	 CONN	4	 3	 up
5335000	 CONN	4	 3	 down
5336000	 CONN	4	 3	 up
5337000	 CONN	4	 3	 down
5338000	 CONN	4	 3	 up
5339000	 CONN	4	 3	 down
5340000	 CONN	4	 3	 up
5341000	 CONN	4	 3	 down
5342000	 CONN	4	 3	 up
5343000	 CONN	4	 3	 down
5344000	 CONN	4	 3	 up
5345000	 CONN	4	 3	 down
5346000	 CONN	4	 3	 up
5347000	 CONN	4	 3	 down
5348000	 CONN	4	 3	 up
5349000	 CONN	4	 3	 down
5350000	 CONN	4	 3	 up
5351000	 CONN	4	 3	 down
5352000	 CONN	4	 3	 up
5353000	 CONN	4	 3	 down
5354000	 CONN	4	 3	 up
5355000	 CONN	4	 3	 down
5356000	 CONN	4	 3	 up
5357000	 CONN	4	 3	 down
5358000	 CONN	4	 3	 up
5359000	 CONN	4	 3	 down
5360000	 CONN	4	 3	 up
5361000	 CONN	4	 3	 down
5362000	 CONN	4	 3	 up
5363000	 CONN	4	 3	 down
5364000	 CONN	4	 3	 up
5365000	 CONN	4	 3	 down
5366000	 CONN	4	 3	 up
5367000	 CONN	4	 3	 down
5368000	 CONN	4	 3	 up
5369000	 CONN	4	 3	 down
5370000	 CONN	4	 3	 up
5371000	 CONN	4	 3	 down
5372000	 CONN	4	 3	 up
5373000	 CONN	4	 3	 down
5374000	 CONN	4	 3	 up
5375000	 CONN	4	 3	 down
5376000	 CONN	4	 3	 up
5377000	 CONN	4	 3	 down
5378000	 CONN	4	 3	 up
5379000	 CONN	4	 3	 down
5380000	 CONN	4	 3	 up
5381000	 CONN	4	 3	 down
5382000	 CONN	4	 3	 up
5383000	 CONN	4	 3	 down
5384000	 CONN	4	 3	 up
5385000	 CONN	4	 3	 down
5386000	 CONN	4	 3	 up
5387000	 CONN	4	 3	 down
5388000	 CONN	4	 3	 up
5389000	 CONN	4	 3	 down
5390000	 CONN	4	 3	 up
5391000	 CONN	4	 3	 down
5392000	 CONN	4	 3	 up
5393000	 CONN	4	 3	 down
5394000	 CONN	4	 3	 up
5395000	 CONN	4	 3	 down
5396000	 CONN	4	 3	 up
5397000	 CONN	4	 3	 down
5398000	 CONN	4	 3	 up
5399000	 CONN	4	 3	 down
5400000	 CONN	4	 3	 up
5401000	 CONN	4	 3	 down
5402000	 CONN	4	 3	 up
5403000	 CONN	4	 3	 down
5404000	 CONN	4	 3	 up
5405000	 CONN	4	 3	 down
5406000	 CONN	4	 3	 up
5407000	 CONN	4	 3	 down
5408000	 CONN	4	 3	 up
5409000	 CONN	4	 3	 down
5410000	 CONN	4	 3	 up
5411000	 CONN	4	 3	 down
5412000	 CONN	4	 3	 up
5413000	 CONN	4	 3	 down
5414000	 CONN	4	 3	 up
5415000	 CONN	4	 3	 down
5416000	 CONN	4	 3	 up
5417000	 CONN	4	 3	 down
5418000	 CONN	4	 3	 up
5419000	 CONN	4	 3	 down
5420000	 CONN	4	 3	 up
5421000	 CONN	4	 3	 down
5422000	 CONN	4	 3	 up
5423000	 CONN	4	 3	 down
5424000	 CONN	4	 3	 up
5425000	 CONN	4	 3	 down
5426000	 CONN	4	 3	 up
5427000	 CONN	4	 3	 down
5428000	 CONN	4	 3	 up
5429000	 CONN	4	 3	 down
5430000	 CONN	4	 3	 up
5431000	 CONN	4	 3	 down
5432000	 CONN	4	 3	 up
5433000	 CONN	4	 3	 down
5434000	 CONN	4	 3	 up
5435000	 CONN	4	 3	 down
5436000	 CONN	4	 3	 up
5437000	 CONN	4	 3	 down
5438000	 CONN	4	 3	 up
5439000	 CONN	4	 3	 down
5440000	 CONN	4	 3	 up
5441000	 CONN	4	 3	 down
5442000	 CONN	4	 3	 up
5443000	 CONN	4	 3	 down
5444000	 CONN	4	 3	 up
5445000	 CONN	4	 3	 down
5446000	 CONN	4	 3	 up
5447000	 CONN	4	 3	 down
5448000	 CONN	4	 3	 up
5449000	 CONN	4	 3	 down
5450000	 CONN	4	 3	 up
5451000	 CONN	4	 3	 down
5452000	 CONN	4	 3	 up
5453000	 CONN	4	 3	 down
5454000	 CONN	4	 3	 up
5455000	 CONN	4	 3	 down
5456000	 CONN	4	 3	 up
5457000	 CONN	4	 3	 down
5458000	 CONN	4	 3	 up
5459000	 CONN	4	 3	 down
5460000	 CONN	4	 3	 up
5461000	 CONN	4	 3	 down
5462000	 CONN	4	 3	 up
5463000	 CONN	4	 3	 down
5464000	 CONN	4	 3	 up
5465000	 CONN	4	 3	 down
5466000	 CONN	4	 3	 up
5467000	 CONN	4	 3	 down
5468000	 CONN	4	 3	 up
5469000	 CONN	4	 3	 down
5470000	 CONN	4	 3	 up
5471000	 CONN	4	 3	 down
5472000	 CONN	4	 3	 up
5473000	 CONN	4	 3	 down
5474000	 CONN	4	 3	 up
5475000	 CONN	4	 3	 down
5476000	 CONN	4	 3	 up
5477000	 CONN	4	 3	 down
5478000	 CONN	4	 3	 up
5479000	 CONN	4	 3	 down
5480000	 CONN	4	 3	 up
5481000	 CONN	4	 3	 down
5482000	 CONN	4	 3	 up
5483000	 CONN	4	 3	 down
5484000	 CONN	4	 3	 up
5485000	 CONN	4	 3	 down
5486000	 CONN	4	 3	 up
5487000	 CONN	4	 3	 down
5488000	 CONN	4	 3	 up
5489000	 CONN	4	 3	 down
5490000	 CONN	4	 3	 up
5491000	 CONN	4	 3	 down
5492000	 CONN	4	 3	 up
5493000	 CONN	4	 3	 down
5494000	 CONN	4	 3	 up
5495000	 CONN	4	 3	 down
5496000	 CONN	4	 3	 up
5497000	 CONN	4	 3	 down
5498000	 CONN	4	 3	 up
5499000	 CONN	4	 3	 down
5500000	 CONN	4	 3	 up
5501000	 CONN	4	 3	 down
5502000	 CONN	4	 3	 up
5503000	 CONN	4	 3	 down
5504000	 CONN	4	 3	 up
5505000	 CONN	4	 3	 down
5506000	 CONN	4	 3	 up
5507000	 CONN	4	 3	 down
5508000	 CONN	4	 3	 up
5509000	 CONN	4	 3	 down
5510000	 CONN	4	 3	 up
5511000	 CONN	4	 3	 down
5512000	 CONN	4	 3	 up
5513000	 CONN	4	 3	 down
5514000	 CONN	4	 3	 up
5515000	 CONN	4	 3	 down
5516000	 CONN	4	 3	 up
5517000	 CONN	4	 3	 down
5518000	 CONN	4	 3	 up
5519000	 CONN	4	 3	 down
5520000	 CONN	4	 3	 up
5521000	 CONN	4	 3	 down
5522000	 CONN	4	 3	 up
5523000	 CONN	4	 3	 down
5524000	 CONN	4	 3	 up
5525000	 CONN	4	 3	 down
5526000	 CONN	4	 3	 up
5527000	 CONN	4	 3	 down
5528000	 CONN	4	 3	 up
5529000	 CONN	4	 3	 down
5530000	 CONN	4	 3	 up
5531000	 CONN	4	 3	 down
5532000	 CONN	4	 3	 up
5533000	 CONN	4	 3	 down
5534000	 CONN	4	 3	 up
5535000	 CONN	4	 3	 down
5536000	 CONN	4	 3	 up
5537000	 CONN	4	 3	 down
5538000	 CONN	4	 3	 up
5539000	 CONN	4	 3	 down
5540000	 CONN	4	 3	 up
5541000	 CONN	4	 3	 down
5542000	 CONN	4	 3	 up
5543000	 CONN	4	 3	 down
5544000	 CONN	4	 3	 up
5545000	 CONN	4	 3	 down
5546000	 CONN	4	 3	 up
5547000	 CONN	4	 3	 down
5548000	 CONN	4	 3	 up
5549000	 CONN	4	 3	 down
5550000	 CONN	4	 3	 up
5551000	 CONN	4	 3	 down
5552000	 CONN	4	 3	 up
5553000	 CONN	4	 3	 down
5554000	 CONN	4	 3	 up
5555000	 CONN	4	 3	 down
5556000	 CONN	4	 3	 up
5557000	 CONN	4	 3	 down
5558000	 CONN	4	 3	 up
5559000	 CONN	4	 3	 down
5560000	 CONN	4	 3	 up
5561000	 CONN	4	 3	 down
5562000	 CONN	4	 3	 up
5563000	 CONN	4	 3	 down
5564000	 CONN	4	 3	 up
5565000	 CONN	4	 3	 down
5566000	 CONN	4	 3	 up
5567000	 CONN	4	 3	 down
5568000	 CONN	4	 3	 up
5569000	 CONN	4	 3	 down
5570000	 CONN	4	 3	 up
5571000	 CONN	4	 3	 down
5572000	 CONN	4	 3	 up
5573000	 CONN	4	 3	 down
5574000	 CONN	4	 3	 up
5575000	 CONN	4	 3	 down
5576000	 CONN	4	 3	 up
5577000	 CONN	4	 3	 down
5578000	 CONN	4	 3	 up
5579000	 CONN	4	 3	 down
5580000	 CONN	4	 3	 up
5581000	 CONN	4	 3	 down
5582000	 CONN	4	 3	 up
5583000	 CONN	4	 3	 down
5584000	 CONN	4	 3	 up
5585000	 CONN	4	 3	 down
5586000	 CONN	4	 3	 up
5587000	 CONN	4	 3	 down
5588000	 CONN	4	 3	 up
5589000	 CONN	4	 3	 down
5590000	 CONN	4	 3	 up
5591000	 CONN	4	 3	 down
5592000	 CONN	4	 3	 up
5593000	 CONN	4	 3	 down
5594000	 CONN	4	 3	 up
5595000	 CONN	4	 3	 down
5596000	 CONN	4	 3	 up
5597000	 CONN	4	 3	 down
5598000	 CONN	4	 3	 up
5599000	 CONN	4	 3	 down
5600000	 CONN	4	 3	 up
5601000	 CONN	4	 3	 down
5602000	 CONN	4	 3	 up
5603000	 CONN	4	 3	 down
5604000	 CONN	4	 3	 up
5605000	 CONN	4	 3	 down
5606000	 CONN	4	 3	 up
5607000	 CONN	4	 3	 down
5608000	 CONN	4	 3	 up
5609000	 CONN	4	 3	 down
5610000	 CONN	4	 3	 up
5611000	 CONN	4	 3	 down
5612000	 CONN	4	 3	 up
5613000	 CONN	4	 3	 down
5614000	 CONN	4	 3	 up
5615000	 CONN	4	 3	 down
5616000	 CONN	4	 3	 up
5617000	 CONN	4	 3	 down
5618000	 CONN	4	 3	 up
5619000	 CONN	4	 3	 down
5620000	 CONN	4	 3	 up
5621000	 CONN	4	 3	 down
5622000	 CONN	4	 3	 up
5623000	 CONN	4	 3	 down
5624000	 CONN	4	 3	 up
5625000	 CONN	4	 3	 down
5626000	 CONN	4	 3	 up
5627000	 CONN	4	 3	 down
5628000	 CONN	4	 3	 up
5629000	 CONN	4	 3	 down
5630000	 CONN	4	 3	 up
5631000	 CONN	4	 3	 down
5632000	 CONN	4	 3	 up
5633000	 CONN	4	 3	 down
5634000	 CONN	4	 3	 up
5635000	 CONN	4	 3	 down
5636000	 CONN	4	 3	 up
5637000	 CONN	4	 3	 down
5638000	 CONN	4	 3	 up
5639000	 CONN	4	 3	 down
5640000	 CONN	4	 3	 up
5641000	 CONN	4	 3	 down
5642000	 CONN	4	 3	 up
5643000	 CONN	4	 3	 down
5644000	 CONN	4	 3	 up
5645000	 CONN	4	 3	 down
5646000	 CONN	4	 3	 up
5647000	 CONN	4	 3	 down
5648000	 CONN	4	 3	 up
5649000	 CONN	4	 3	 down
5650000	 CONN	4	 3	 up
5651000	 CONN	4	 3	 down
5652000	 CONN	4	 3	 up
5653000	 CONN	4	 3	 down
5654000	 CONN	4	 3	 up
5655000	 CONN	4	 3	 down
5656000	 CONN	4	 3	 up
5657000	 CONN	4	 3	 down
5658000	 CONN	4	 3	 up
5659000	 CONN	4	 3	 down
5660000	 CONN	4	 3	 up
5661000	 CONN	4	 3	 down
5662000	 CONN	4	 3	 up
5663000	 CONN	4	 3	 down
5664000	 CONN	4	 3	 up
5665000	 CONN	4	 3	 down
5666000	 CONN	4	 3	 up
5667000	 CONN	4	 3	 down
5668000	 CONN	4	 3	 up
5669000	 CONN	4	 3	 down
5670000	 CONN	4	 3	 up
5671000	 CONN	4	 3	 down
5672000	 CONN	4	 3	 up
5673000	 CONN	4	 3	 down
5674000	 CONN	4	 3	 up
5675000	 CONN	4	 3	 down
5676000	 CONN	4	 3	 up
5677000	 CONN	4	 3	 down
5678000	 CONN	4	 3	 up
5679000	 CONN	4	 3	 down
5680000	 CONN	4	 3	 up
5681000	 CONN	4	 3	 down
5682000	 CONN	4	 3	 up
5683000	 CONN	4	 3	 down
5684000	 CONN	4	 3	 up
5685000	 CONN	4	 3	 down
5686000	 CONN	4	 3	 up
5687000	 CONN	4	 3	 down
5688000	 CONN	4	 3	 up
5689000	 CONN	4	 3	 down
5690000	 CONN	4	 3	 up
5691000	 CONN	4	 3	 down
5692000	 CONN	4	 3	 up
5693000	 CONN	4	 3	 down
5694000	 CONN	4	 3	 up
5695000	 CONN	4	 3	 down
5696000	 CONN	4	 3	 up
5697000	 CONN	4	 3	 down
5698000	 CONN	4	 3	 up
5699000	 CONN	4	 3	 down
5700000	 CONN	4	 3	 up
5701000	 CONN	4	 3	 down
5702000	 CONN	4	 3	 up
5703000	 CONN	4	 3	 down
5704000	 CONN	4	 3	 up
5705000	 CONN	4	 3	 down
5706000	 CONN	4	 3	 up
5707000	 CONN	4	 3	 down
5708000	 CONN	4	 3	 up
5709000	 CONN	4	 3	 down
5710000	 CONN	4	 3	 up
5711000	 CONN	4	 3	 down
5712000	 CONN	4	 3	 up
5713000	 CONN	4	 3	 down
5714000	 CONN	4	 3	 up
5715000	 CONN	4	 3	 down
5716000	 CONN	4	 3	 up
5717000	 CONN	4	 3	 down
5718000	 CONN	4	 3	 up
5719000	 CONN	4	 3	 down
5720000	 CONN	4	 3	 up
5721000	 CONN	4	 3	 down
5722000	 CONN	4	 3	 up
5723000	 CONN	4	 3	 down
5724000	 CONN	4	 3	 up
5725000	 CONN	4	 3	 down
5726000	 CONN	4	 3	 up
5727000	 CONN	4	 3	 down
5728000	 CONN	4	 3	 up
5729000	 CONN	4	 3	 down
5730000	 CONN	4	 3	 up
5731000	 CONN	4	 3	 down
5732000	 CONN	4	 3	 up
5733000	 CONN	4	 3	 down
5734000	 CONN	4	 3	 up
5735000	 CONN	4	 3	 down
5736000	 CONN	4	 3	 up
5737000	 CONN	4	 3	 down
5738000	 CONN	4	 3	 up
5739000	 CONN	4	 3	 down
5740000	 CONN	4	 3	 up
5741000	 CONN	4	 3	 down
5742000	 CONN	4	 3	 up
5743000	 CONN	4	 3	 down
5744000	 CONN	4	 3	 up
5745000	 CONN	4	 3	 down
5746000	 CONN	4	 3	 up
5747000	 CONN	4	 3	 down
5748000	 CONN	4	 3	 up
5749000	 CONN	4	 3	 down
5750000	 CONN	4	 3	 up
5751000	 CONN	4	 3	 down
5752000	 CONN	4	 3	 up
5753000	 CONN	4	 3	 down
5754000	 CONN	4	 3	 up
5755000	 CONN	4	 3	 down
5756000	 CONN	4	 3	 up
5757000	 CONN	4	 3	 down
5758000	 CONN	4	 3	 up
5759000	 CONN	4	 3	 down
5760000	 CONN	4	 3	 up
5761000	 CONN	4	 3	 down
5762000	 CONN	4	 3	 up
5763000	 CONN	4	 3	 down
5764000	 CONN	4	 3	 up
5765000	 CONN	4	 3	 down
5766000	 CONN	4	 3	 up
5767000	 CONN	4	 3	 down
5768000	 CONN	4	 3	 up
5769000	 CONN	4	 3	 down
5770000	 CONN	4	 3	 up
5771000	 CONN	4	 3	 down
5772000	 CONN	4	 3	 up
5773000	 CONN	4	 3	 down
5774000	 CONN	4	 3	 up
5775000	 CONN	4	 3	 down
5776000	 CONN	4	 3	 up
5777000	 CONN	4	 3	 down
5778000	 CONN	4	 3	 up
5779000	 CONN	4	 3	 down
5780000	 CONN	4	 3	 up
5781000	 CONN	4	 3	 down
5782000	 CONN	4	 3	 up
5783000	 CONN	4	 3	 down
5784000	 CONN	4	 3	 up
5785000	 CONN	4	 3	 down
5786000	 CONN	4	 3	 up
5787000	 CONN	4	 3	 down
5788000	 CONN	4	 3	 up
5789000	 CONN	4	 3	 down
5790000	 CONN	4	 3	 up
5791000	 CONN	4	 3	 down
5792000	 CONN	4	 3	 up
5793000	 CONN	4	 3	 down
5794000	 CONN	4	 3	 up
5795000	 CONN	4	 3	 down
5796000	 CONN	4	 3	 up
5797000	 CONN	4	 3	 down
5798000	 CONN	4	 3	 up
5799000	 CONN	4	 3	 down
5800000	 CONN	4	 3	 up
5801000	 CONN	4	 3	 down
5802000	 CONN	4	 3	 up
5803000	 CONN	4	 3	 down
5804000	 CONN	4	 3	 up
5805000	 CONN	4	 3	 down
5806000	 CONN	4	 3	 up
5807000	 CONN	4	 3	 down
5808000	 CONN	4	 3	 up
5809000	 CONN	4	 3	 down
5810000	 CONN	4	 3	 up
5811000	 CONN	4	 3	 down
5812000	 CONN	4	 3	 up
5813000	 CONN	4	 3	 down
5814000	 CONN	4	 3	 up
5815000	 CONN	4	 3	 down
5816000	 CONN	4	 3	 up
5817000	 CONN	4	 3	 down
5818000	 CONN	4	 3	 up
5819000	 CONN	4	 3	 down
5820000	 CONN	4	 3	 up
5821000	 CONN	4	 3	 down
5822000	 CONN	4	 3	 up
5823000	 CONN	4	 3	 down
5824000	 CONN	4	 3	 up
5825000	 CONN	4	 3	 down
5826000	 CONN	4	 3	 up
5827000	 CONN	4	 3	 down
5828000	 CONN	4	 3	 up
5829000	 CONN	4	 3	 down
5830000	 CONN	4	 3	 up
5831000	 CONN	4	 3	 down
5832000	 CONN	4	 3	 up
5833000	 CONN	4	 3	 down
5834000	 CONN	4	 3	 up
5835000	 CONN	4	 3	 down
5836000	 CONN	4	 3	 up
5837000	 CONN	4	 3	 down
5838000	 CONN	4	 3	 up
5839000	 CONN	4	 3	 down
5840000	 CONN	4	 3	 up
5841000	 CONN	4	 3	 down
5842000	 CONN	4	 3	 up
5843000	 CONN	4	 3	 down
5844000	 CONN	4	 3	 up
5845000	 CONN	4	 3	 down
5846000	 CONN	4	 3	 up
5847000	 CONN	4	 3	 down
5848000	 CONN	4	 3	 up
5849000	 CONN	4	 3	 down
5850000	 CONN	4	 3	 up
5851000	 CONN	4	 3	 down
5852000	 CONN	4	 3	 up
5853000	 CONN	4	 3	 down
5854000	 CONN	4	 3	 up
5855000	 CONN	4	 3	 down
5856000	 CONN	4	 3	 up
5857000	 CONN	4	 3	 down
5858000	 CONN	4	 3	 up
5859000	 CONN	4	 3	 down
5860000	 CONN	4	 3	 up
5861000	 CONN	4	 3	 down
5862000	 CONN	4	 3	 up
5863000	 CONN	4	 3	 down
5864000	 CONN	4	 3	 up
5865000	 CONN	4	 3	 down
5866000	 CONN	4	 3	 up
5867000	 CONN	4	 3	 down
5868000	 CONN	4	 3	 up
5869000	 CONN	4	 3	 down
5870000	 CONN	4	 3	 up
5871000	 CONN	4	 3	 down
5872000	 CONN	4	 3	 up
5873000	 CONN	4	 3	 down
5874000	 CONN	4	 3	 up
5875000	 CONN	4	 3	 down
5876000	 CONN	4	 3	 up
5877000	 CONN	4	 3	 down
5878000	 CONN	4	 3	 up
5879000	 CONN	4	 3	 down
5880000	 CONN	4	 3	 up
5881000	 CONN	4	 3	 down
5882000	 CONN	4	 3	 up
5883000	 CONN	4	 3	 down
5884000	 CONN	4	 3	 up
5885000	 CONN	4	 3	 down
5886000	 CONN	4	 3	 up
5887000	 CONN	4	 3	 down
5888000	 CONN	4	 3	 up
5889000	 CONN	4	 3	 down
5890000	 CONN	4	 3	 up
5891000	 CONN	4	 3	 down
5892000	 CONN	4	 3	 up
5893000	 CONN	4	 3	 down
5894000	 CONN	4	 3	 up
5895000	 CONN	4	 3	 down
5896000	 CONN	4	 3	 up
5897000	 CONN	4	 3	 down
5898000	 CONN	4	 3	 up
5899000	 CONN	4	 3	 down
5900000	 CONN	4	 3	 up
5901000	 CONN	4	 3	 down
5902000	 CONN	4	 3	 up
5903000	 CONN	4	 3	 down
5904000	 CONN	4	 3	 up
5905000	 CONN	4	 3	 down
5906000	 CONN	4	 3	 up
5907000	 CONN	4	 3	 down
5908000	 CONN	4	 3	 up
5909000	 CONN	4	 3	 down
5910000	 CONN	4	 3	 up
5911000	 CONN	4	 3	 down
5912000	 CONN	4	 3	 up
5913000	 CONN	4	 3	 down
5914000	 CONN	4	 3	 up
5915000	 CONN	4	 3	 down
5916000	 CONN	4	 3	 up
5917000	 CONN	4	 3	 down
5918000	 CONN	4	 3	 up
5919000	 CONN	4	 3	 down
5920000	 CONN	4	 3	 up
5921000	 CONN	4	 3	 down
5922000	 CONN	4	 3	 up
5923000	 CONN	4	 3	 down
5924000	 CONN	4	 3	 up
5925000	 CONN	4	 3	 down
5926000	 CONN	4	 3	 up
5927000	 CONN	4	 3	 down
5928000	 CONN	4	 3	 up
5929000	 CONN	4	 3	 down
5930000	 CONN	4	 3	 up
5931000	 CONN	4	 3	 down
5932000	 CONN	4	 3	 up
5933000	 CONN	4	 3	 down
5934000	 CONN	4	 3	 up
5935000	 CONN	4	 3	 down
5936000	 CONN	4	 3	 up
5937000	 CONN	4	 3	 down
5938000	 CONN	4	 3	 up
5939000	 CONN	4	 3	 down
5940000	 CONN	4	 3	 up
5941000	 CONN	4	 3	 down
5942000	 CONN	4	 3	 up
5943000	 CONN	4	 3	 down
5944000	 CONN	4	 3	 up
5945000	 CONN	4	 3	 down
5946000	 CONN	4	 3	 up
5947000	 CONN	4	 3	 down
5948000	 CONN	4	 3	 up
5949000	 CONN	4	 3	 down
5950000	 CONN	4	 3	 up
5951000	 CONN	4	 3	 down
5952000	 CONN	4	 3	 up
5953000	 CONN	4	 3	 down
5954000	 CONN	4	 3	 up
5955000	 CONN	4	 3	 down
5956000	 CONN	4	 3	 up
5957000	 CONN	4	 3	 down
5958000	 CONN	4	 3	 up
5959000	 CONN	4	 3	 down
5960000	 CONN	4	 3	 up
5961000	 CONN	4	 3	 down
5962000	 CONN	4	 3	 up
5963000	 CONN	4	 3	 down
5964000	 CONN	4	 3	 up
5965000	 CONN	4	 3	 down
5966000	 CONN	4	 3	 up
5967000	 CONN	4	 3	 down
5968000	 CONN	4	 3	 up
5969000	 CONN	4	 3	 down
5970000	 CONN	4	 3	 up
5971000	 CONN	4	 3	 down
5972000	 CONN	4	 3	 up
5973000	 CONN	4	 3	 down
5974000	 CONN	4	 3	 up
5975000	 CONN	4	 3	 down
5976000	 CONN	4	 3	 up
5977000	 CONN	4	 3	 down
5978000	 CONN	4	 3	 up
5979000	 CONN	4	 3	 down
5980000	 CONN	4	 3	 up
5981000	 CONN	4	 3	 down
5982000	 CONN	4	 3	 up
5983000	 CONN	4	 3	 down
5984000	 CONN	4	 3	 up
5985000	 CONN	4	 3	 down
5986000	 CONN	4	 3	 up
5987000	 CONN	4	 3	 down
5988000	 CONN	4	 3	 up
5989000	 CONN	4	 3	 down
5990000	 CONN	4	 3	 up
5991000	 CONN	4	 3	 down
5992000	 CONN	4	 3	 up
5993000	 CONN	4	 3	 down
5994000	 CONN	4	 3	 up
5995000	 CONN	4	 3	 down
5996000	 CONN	4	 3	 up
5997000	 CONN	4	 3	 down
5998000	 CONN	4	 3	 up
5999000	 CONN	4	 3	 down
6000000	 CONN	4	 3	 up
6001000	 CONN	4	 3	 down
6002000	 CONN	4	 3	 up
6003000	 CONN	4	 3	 down
6004000	 CONN	4	 3	 up
6005000	 CONN	4	 3	 down
6006000	 CONN	4	 3	 up
6007000	 CONN	4	 3	 down
6008000	 CONN	4	 3	 up
6009000	 CONN	4	 3	 down
6010000	 CONN	4	 3	 up
6011000	 CONN	4	 3	 down
6012000	 CONN	4	 3	 up
6013000	 CONN	4	 3	 down
6014000	 CONN	4	 3	 up
6015000	 CONN	4	 3	 down
6016000	 CONN	4	 3	 up
6017000	 CONN	4	 3	 down
6018000	 CONN	4	 3	 up
6019000	 CONN	4	 3	 down
6020000	 CONN	4	 3	 up
6021000	 CONN	4	 3	 down
6022000	 CONN	4	 3	 up
6023000	 CONN	4	 3	 down
6024000	 CONN	4	 3	 up
6025000	 CONN	4	 3	 down
6026000	 CONN	4	 3	 up
6027000	 CONN	4	 3	 down
6028000	 CONN	4	 3	 up
6029000	 CONN	4	 3	 down
6030000	 CONN	4	 3	 up
6031000	 CONN	4	 3	 down
6032000	 CONN	4	 3	 up
6033000	 CONN	4	 3	 down
6034000	 CONN	4	 3	 up
6035000	 CONN	4	 3	 down
6036000	 CONN	4	 3	 up
6037000	 CONN	4	 3	 down
6038000	 CONN	4	 3	 up
6039000	 CONN	4	 3	 down
6040000	 CONN	4	 3	 up
6041000	 CONN	4	 3	 down
6042000	 CONN	4	 3	 up
6043000	 CONN	4	 3	 down
6044000	 CONN	4	 3	 up
6045000	 CONN	4	 3	 down
6046000	 CONN	4	 3	 up
6047000	 CONN	4	 3	 down
6048000	 CONN	4	 3	 up
6049000	 CONN	4	 3	 down
6050000	 CONN	4	 3	 up
6051000	 CONN	4	 3	 down
6052000	 CONN	4	 3	 up
6053000	 CONN	4	 3	 down
6054000	 CONN	4	 3	 up
6055000	 CONN	4	 3	 down
6056000	 CONN	4	 3	 up
6057000	 CONN	4	 3	 down
6058000	 CONN	4	 3	 up
6059000	 CONN	4	 3	 down
6060000	 CONN	4	 3	 up
6061000	 CONN	4	 3	 down
6062000	 CONN	4	 3	 up
6063000	 CONN	4	 3	 down
6064000	 CONN	4	 3	 up
6065000	 CONN	4	 3	 down
6066000	 CONN	4	 3	 up
6067000	 CONN	4	 3	 down
6068000	 CONN	4	 3	 up
6069000	 CONN	4	 3	 down
6070000	 CONN	4	 3	 up
6071000	 CONN	4	 3	 down
6072000	 CONN	4	 3	 up
6073000	 CONN	4	 3	 down
6074000	 CONN	4	 3	 up
6075000	 CONN	4	 3	 down
6076000	 CONN	4	 3	 up
6077000	 CONN	4	 3	 down
6078000	 CONN	4	 3	 up
6079000	 CONN	4	 3	 down
6080000	 CONN	4	 3	 up
6081000	 CONN	4	 3	 down
6082000	 CONN	4	 3	 up
6083000	 CONN	4	 3	 down
6084000	 CONN	4	 3	 up
6085000	 CONN	4	 3	 down
6086000	 CONN	4	 3	 up
6087000	 CONN	4	 3	 down
6088000	 CONN	4	 3	 up
6089000	 CONN	4	 3	 down
6090000	 CONN	4	 3	 up
6091000	 CONN	4	 3	 down
6092000	 CONN	4	 3	 up
6093000	 CONN	4	 3	 down
6094000	 CONN	4	 3	 up
6095000	 CONN	4	 3	 down
6096000	 CONN	4	 3	 up
6097000	 CONN	4	 3	 down
6098000	 CONN	4	 3	 up
6099000	 CONN	4	 3	 down
6100000	 CONN	4	 3	 up
6101000	 CONN	4	 3	 down
6102000	 CONN	4	 3	 up
6103000	 CONN	4	 3	 down
6104000	 CONN	4	 3	 up
6105000	 CONN	4	 3	 down
6106000	 CONN	4	 3	 up
6107000	 CONN	4	 3	 down
6108000	 CONN	4	 3	 up
6109000	 CONN	4	 3	 down
6110000	 CONN	4	 3	 up
6111000	 CONN	4	 3	 down
6112000	 CONN	4	 3	 up
6113000	 CONN	4	 3	 down
6114000	 CONN	4	 3	 up
6115000	 CONN	4	 3	 down
6116000	 CONN	4	 3	 up
6117000	 CONN	4	 3	 down
6118000	 CONN	4	 3	 up
6119000	 CONN	4	 3	 down
6120000	 CONN	4	 3	 up
6121000	 CONN	4	 3	 down
6122000	 CONN	4	 3	 up
6123000	 CONN	4	 3	 down
6124000	 CONN	4	 3	 up
6125000	 CONN	4	 3	 down
6126000	 CONN	4	 3	 up
6127000	 CONN	4	 3	 down
6128000	 CONN	4	 3	 up
6129000	 CONN	4	 3	 down
6130000	 CONN	4	 3	 up
6131000	 CONN	4	 3	 down
6132000	 CONN	4	 3	 up
6133000	 CONN	4	 3	 down
6134000	 CONN	4	 3	 up
6135000	 CONN	4	 3	 down
6136000	 CONN	4	 3	 up
6137000	 CONN	4	 3	 down
6138000	 CONN	4	 3	 up
6139000	 CONN	4	 3	 down
6140000	 CONN	4	 3	 up
6141000	 CONN	4	 3	 down
6142000	 CONN	4	 3	 up
6143000	 CONN	4	 3	 down
6144000	 CONN	4	 3	 up
6145000	 CONN	4	 3	 down
6146000	 CONN	4	 3	 up
6147000	 CONN	4	 3	 down
6148000	 CONN	4	 3	 up
6149000	 CONN	4	 3	 down
6150000	 CONN	4	 3	 up
6151000	 CONN	4	 3	 down
6152000	 CONN	4	 3	 up
6153000	 CONN	4	 3	 down
6154000	 CONN	4	 3	 up
6155000	 CONN	4	 3	 down
6156000	 CONN	4	 3	 up
6157000	 CONN	4	 3	 down
6158000	 CONN	4	 3	 up
6159000	 CONN	4	 3	 down
6160000	 CONN	4	 3	 up
6161000	 CONN	4	 3	 down
6162000	 CONN	4	 3	 up
6163000	 CONN	4	 3	 down
6164000	 CONN	4	 3	 up
6165000	 CONN	4	 3	 down
6166000	 CONN	4	 3	 up
6167000	 CONN	4	 3	 down
6168000	 CONN	4	 3	 up
6169000	 CONN	4	 3	 down
6170000	 CONN	4	 3	 up
6171000	 CONN	4	 3	 down
6172000	 CONN	4	 3	 up
6173000	 CONN	4	 3	 down
6174000	 CONN	4	 3	 up
6175000	 CONN	4	 3	 down
6176000	 CONN	4	 3	 up
6177000	 CONN	4	 3	 down
6178000	 CONN	4	 3	 up
6179000	 CONN	4	 3	 down
6180000	 CONN	4	 3	 up
6181000	 CONN	4	 3	 down
6182000	 CONN	4	 3	 up
6183000	 CONN	4	 3	 down
6184000	 CONN	4	 3	 up
6185000	 CONN	4	 3	 down
6186000	 CONN	4	 3	 up
6187000	 CONN	4	 3	 down
6188000	 CONN	4	 3	 up
6189000	 CONN	4	 3	 down
6190000	 CONN	4	 3	 up
6191000	 CONN	4	 3	 down
6192000	 CONN	4	 3	 up
6193000	 CONN	4	 3	 down
6194000	 CONN	4	 3	 up
6195000	 CONN	4	 3	 down
6196000	 CONN	4	 3	 up
6197000	 CONN	4	 3	 down
6198000	 CONN	4	 3	 up
6199000	 CONN	4	 3	 down
6200000	 CONN	4	 3	 up
6201000	 CONN	4	 3	 down
6202000	 CONN	4	 3	 up
6203000	 CONN	4	 3	 down
6204000	 CONN	4	 3	 up
6205000	 CONN	4	 3	 down
6206000	 CONN	4	 3	 up
6207000	 CONN	4	 3	 down
6208000	 CONN	4	 3	 up
6209000	 CONN	4	 3	 down
6210000	 CONN	4	 3	 up
6211000	 CONN	4	 3	 down
6212000	 CONN	4	 3	 up
6213000	 CONN	4	 3	 down
6214000	 CONN	4	 3	 up
6215000	 CONN	4	 3	 down
6216000	 CONN	4	 3	 up
6217000	 CONN	4	 3	 down
6218000	 CONN	4	 3	 up
6219000	 CONN	4	 3	 down
6220000	 CONN	4	 3	 up
6221000	 CONN	4	 3	 down
6222000	 CONN	4	 3	 up
6223000	 CONN	4	 3	 down
6224000	 CONN	4	 3	 up
6225000	 CONN	4	 3	 down
6226000	 CONN	4	 3	 up
6227000	 CONN	4	 3	 down
6228000	 CONN	4	 3	 up
6229000	 CONN	4	 3	 down
6230000	 CONN	4	 3	 up
6231000	 CONN	4	 3	 down
6232000	 CONN	4	 3	 up
6233000	 CONN	4	 3	 down
6234000	 CONN	4	 3	 up
6235000	 CONN	4	 3	 down
6236000	 CONN	4	 3	 up
6237000	 CONN	4	 3	 down
6238000	 CONN	4	 3	 up
6239000	 CONN	4	 3	 down
6240000	 CONN	4	 3	 up
6241000	 CONN	4	 3	 down
6242000	 CONN	4	 3	 up
6243000	 CONN	4	 3	 down
6244000	 CONN	4	 3	 up
6245000	 CONN	4	 3	 down
6246000	 CONN	4	 3	 up
6247000	 CONN	4	 3	 down
6248000	 CONN	4	 3	 up
6249000	 CONN	4	 3	 down
6250000	 CONN	4	 3	 up
6251000	 CONN	4	 3	 down
6252000	 CONN	4	 3	 up
6253000	 CONN	4	 3	 down
6254000	 CONN	4	 3	 up
6255000	 CONN	4	 3	 down
6256000	 CONN	4	 3	 up
6257000	 CONN	4	 3	 down
6258000	 CONN	4	 3	 up
6259000	 CONN	4	 3	 down
6260000	 CONN	4	 3	 up
6261000	 CONN	4	 3	 down
6262000	 CONN	4	 3	 up
6263000	 CONN	4	 3	 down
6264000	 CONN	4	 3	 up
6265000	 CONN	4	 3	 down
6266000	 CONN	4	 3	 up
6267000	 CONN	4	 3	 down
6268000	 CONN	4	 3	 up
6269000	 CONN	4	 3	 down
6270000	 CONN	4	 3	 up
6271000	 CONN	4	 3	 down
6272000	 CONN	4	 3	 up
6273000	 CONN	4	 3	 down
6274000	 CONN	4	 3	 up
6275000	 CONN	4	 3	 down
6276000	 CONN	4	 3	 up
6277000	 CONN	4	 3	 down
6278000	 CONN	4	 3	 up
6279000	 CONN	4	 3	 down
6280000	 CONN	4	 3	 up
6281000	 CONN	4	 3	 down
6282000	 CONN	4	 3	 up
6283000	 CONN	4	 3	 down
6284000	 CONN	4	 3	 up
6285000	 CONN	4	 3	 down
6286000	 CONN	4	 3	 up
6287000	 CONN	4	 3	 down
6288000	 CONN	4	 3	 up
6289000	 CONN	4	 3	 down
6290000	 CONN	4	 3	 up
6291000	 CONN	4	 3	 down
6292000	 CONN	4	 3	 up
6293000	 CONN	4	 3	 down
6294000	 CONN	4	 3	 up
6295000	 CONN	4	 3	 down
6296000	 CONN	4	 3	 up
6297000	 CONN	4	 3	 down
6298000	 CONN	4	 3	 up
6299000	 CONN	4	 3	 down
6300000	 CONN	4	 3	 up
6301000	 CONN	4	 3	 down
6302000	 CONN	4	 3	 up
6303000	 CONN	4	 3	 down
6304000	 CONN	4	 3	 up
6305000	 CONN	4	 3	 down
6306000	 CONN	4	 3	 up
6307000	 CONN	4	 3	 down
6308000	 CONN	4	 3	 up
6309000	 CONN	4	 3	 down
6310000	 CONN	4	 3	 up
6311000	 CONN	4	 3	 down
6312000	 CONN	4	 3	 up
6313000	 CONN	4	 3	 down
6314000	 CONN	4	 3	 up
6315000	 CONN	4	 3	 down
6316000	 CONN	4	 3	 up
6317000	 CONN	4	 3	 down
6318000	 CONN	4	 3	 up
6319000	 CONN	4	 3	 down
6320000	 CONN	4	 3	 up
6321000	 CONN	4	 3	 down
6322000	 CONN	4	 3	 up
6323000	 CONN	4	 3	 down
6324000	 CONN	4	 3	 up
6325000	 CONN	4	 3	 down
6326000	 CONN	4	 3	 up
6327000	 CONN	4	 3	 down
6328000	 CONN	4	 3	 up
6329000	 CONN	4	 3	 down
6330000	 CONN	4	 3	 up
6331000	 CONN	4	 3	 down
6332000	 CONN	4	 3	 up
6333000	 CONN	4	 3	 down
6334000	 CONN	4	 3	 up
6335000	 CONN	4	 3	 down
6336000	 CONN	4	 3	 up
6337000	 CONN	4	 3	 down
6338000	 CONN	4	 3	 up
6339000	 CONN	4	 3	 down
6340000	 CONN	4	 3	 up
6341000	 CONN	4	 3	 down
6342000	 CONN	4	 3	 up
6343000	 CONN	4	 3	 down
6344000	 CONN	4	 3	 up
6345000	 CONN	4	 3	 down
6346000	 CONN	4	 3	 up
6347000	 CONN	4	 3	 down
6348000	 CONN	4	 3	 up
6349000	 CONN	4	 3	 down
6350000	 CONN	4	 3	 up
6351000	 CONN	4	 3	 down
6352000	 CONN	4	 3	 up
6353000	 CONN	4	 3	 down
6354000	 CONN	4	 3	 up
6355000	 CONN	4	 3	 down
6356000	 CONN	4	 3	 up
6357000	 CONN	4	 3	 down
6358000	 CONN	4	 3	 up
6359000	 CONN	4	 3	 down
6360000	 CONN	4	 3	 up
6361000	 CONN	4	 3	 down
6362000	 CONN	4	 3	 up
6363000	 CONN	4	 3	 down
6364000	 CONN	4	 3	 up
6365000	 CONN	4	 3	 down
6366000	 CONN	4	 3	 up
6367000	 CONN	4	 3	 down
6368000	 CONN	4	 3	 up
6369000	 CONN	4	 3	 down
6370000	 CONN	4	 3	 up
6371000	 CONN	4	 3	 down
6372000	 CONN	4	 3	 up
6373000	 CONN	4	 3	 down
6374000	 CONN	4	 3	 up
6375000	 CONN	4	 3	 down
6376000	 CONN	4	 3	 up
6377000	 CONN	4	 3	 down
6378000	 CONN	4	 3	 up
6379000	 CONN	4	 3	 down
6380000	 CONN	4	 3	 up
6381000	 CONN	4	 3	 down
6382000	 CONN	4	 3	 up
6383000	 CONN	4	 3	 down
6384000	 CONN	4	 3	 up
6385000	 CONN	4	 3	 down
6386000	 CONN	4	 3	 up
6387000	 CONN	4	 3	 down
6388000	 CONN	4	 3	 up
6389000	 CONN	4	 3	 down
6390000	 CONN	4	 3	 up
6391000	 CONN	4	 3	 down
6392000	 CONN	4	 3	 up
6393000	 CONN	4	 3	 down
6394000	 CONN	4	 3	 up
6395000	 CONN	4	 3	 down
6396000	 CONN	4	 3	 up
6397000	 CONN	4	 3	 down
6398000	 CONN	4	 3	 up
6399000	 CONN	4	 3	 down
6400000	 CONN	4	 3	 up
6401000	 CONN	4	 3	 down
6402000	 CONN	4	 3	 up
6403000	 CONN	4	 3	 down
6404000	 CONN	4	 3	 up
6405000	 CONN	4	 3	 down
6406000	 CONN	4	 3	 up
6407000	 CONN	4	 3	 down
6408000	 CONN	4	 3	 up
6409000	 CONN	4	 3	 down
6410000	 CONN	4	 3	 up
6411000	 CONN	4	 3	 down
6412000	 CONN	4	 3	 up
6413000	 CONN	4	 3	 down
6414000	 CONN	4	 3	 up
6415000	 CONN	4	 3	 down
6416000	 CONN	4	 3	 up
6417000	 CONN	4	 3	 down
6418000	 CONN	4	 3	 up
6419000	 CONN	4	 3	 down
6420000	 CONN	4	 3	 up
6421000	 CONN	4	 3	 down
6422000	 CONN	4	 3	 up
6423000	 CONN	4	 3	 down
6424000	 CONN	4	 3	 up
6425000	 CONN	4	 3	 down
6426000	 CONN	4	 3	 up
6427000	 CONN	4	 3	 down
6428000	 CONN	4	 3	 up
6429000	 CONN	4	 3	 down
6430000	 CONN	4	 3	 up
6431000	 CONN	4	 3	 down
6432000	 CONN	4	 3	 up
6433000	 CONN	4	 3	 down
6434000	 CONN	4	 3	 up
6435000	 CONN	4	 3	 down
6436000	 CONN	4	 3	 up
6437000	 CONN	4	 3	 down
6438000	 CONN	4	 3	 up
6439000	 CONN	4	 3	 down
6440000	 CONN	4	 3	 up
6441000	 CONN	4	 3	 down
6442000	 CONN	4	 3	 up
6443000	 CONN	4	 3	 down
6444000	 CONN	4	 3	 up
6445000	 CONN	4	 3	 down
6446000	 CONN	4	 3	 up
6447000	 CONN	4	 3	 down
6448000	 CONN	4	 3	 up
6449000	 CONN	4	 3	 down
6450000	 CONN	4	 3	 up
6451000	 CONN	4	 3	 down
6452000	 CONN	4	 3	 up
6453000	 CONN	4	 3	 down
6454000	 CONN	4	 3	 up
6455000	 CONN	4	 3	 down
6456000	 CONN	4	 3	 up
6457000	 CONN	4	 3	 down
6458000	 CONN	4	 3	 up
6459000	 CONN	4	 3	 down
6460000	 CONN	4	 3	 up
6461000	 CONN	4	 3	 down
6462000	 CONN	4	 3	 up
6463000	 CONN	4	 3	 down
6464000	 CONN	4	 3	 up
6465000	 CONN	4	 3	 down
6466000	 CONN	4	 3	 up
6467000	 CONN	4	 3	 down
6468000	 CONN	4	 3	 up
6469000	 CONN	4	 3	 down
6470000	 CONN	4	 3	 up
6471000	 CONN	4	 3	 down
6472000	 CONN	4	 3	 up
6473000	 CONN	4	 3	 down
6474000	 CONN	4	 3	 up
6475000	 CONN	4	 3	 down
6476000	 CONN	4	 3	 up
6477000	 CONN	4	 3	 down
6478000	 CONN	4	 3	 up
6479000	 CONN	4	 3	 down
6480000	 CONN	4	 3	 up
6481000	 CONN	4	 3	 down
6482000	 CONN	4	 3	 up
6483000	 CONN	4	 3	 down
6484000	 CONN	4	 3	 up
6485000	 CONN	4	 3	 down
6486000	 CONN	4	 3	 up
6487000	 CONN	4	 3	 down
6488000	 CONN	4	 3	 up
6489000	 CONN	4	 3	 down
6490000	 CONN	4	 3	 up
6491000	 CONN	4	 3	 down
6492000	 CONN	4	 3	 up
6493000	 CONN	4	 3	 down
6494000	 CONN	4	 3	 up
6495000	 CONN	4	 3	 down
6496000	 CONN	4	 3	 up
6497000	 CONN	4	 3	 down
6498000	 CONN	4	 3	 up
6499000	 CONN	4	 3	 down
6500000	 CONN	4	 3	 up
6501000	 CONN	4	 3	 down
6502000	 CONN	4	 3	 up
6503000	 CONN	4	 3	 down
6504000	 CONN	4	 3	 up
6505000	 CONN	4	 3	 down
6506000	 CONN	4	 3	 up
6507000	 CONN	4	 3	 down
6508000	 CONN	4	 3	 up
6509000	 CONN	4	 3	 down
6510000	 CONN	4	 3	 up
6511000	 CONN	4	 3	 down
6512000	 CONN	4	 3	 up
6513000	 CONN	4	 3	 down
6514000	 CONN	4	 3	 up
6515000	 CONN	4	 3	 down
6516000	 CONN	4	 3	 up
6517000	 CONN	4	 3	 down
6518000	 CONN	4	 3	 up
6519000	 CONN	4	 3	 down
6520000	 CONN	4	 3	 up
6521000	 CONN	4	 3	 down
6522000	 CONN	4	 3	 up
6523000	 CONN	4	 3	 down
6524000	 CONN	4	 3	 up
6525000	 CONN	4	 3	 down
6526000	 CONN	4	 3	 up
6527000	 CONN	4	 3	 down
6528000	 CONN	4	 3	 up
6529000	 CONN	4	 3	 down
6530000	 CONN	4	 3	 up
6531000	 CONN	4	 3	 down
6532000	 CONN	4	 3	 up
6533000	 CONN	4	 3	 down
6534000	 CONN	4	 3	 up
6535000	 CONN	4	 3	 down
6536000	 CONN	4	 3	 up
6537000	 CONN	4	 3	 down
6538000	 CONN	4	 3	 up
6539000	 CONN	4	 3	 down
6540000	 CONN	4	 3	 up
6541000	 CONN	4	 3	 down
6542000	 CONN	4	 3	 up
6543000	 CONN	4	 3	 down
6544000	 CONN	4	 3	 up
6545000	 CONN	4	 3	 down
6546000	 CONN	4	 3	 up
6547000	 CONN	4	 3	 down
6548000	 CONN	4	 3	 up
6549000	 CONN	4	 3	 down
6550000	 CONN	4	 3	 up
6551000	 CONN	4	 3	 down
6552000	 CONN	4	 3	 up
6553000	 CONN	4	 3	 down
6554000	 CONN	4	 3	 up
6555000	 CONN	4	 3	 down
6556000	 CONN	4	 3	 up
6557000	 CONN	4	 3	 down
6558000	 CONN	4	 3	 up
6559000	 CONN	4	 3	 down
6560000	 CONN	4	 3	 up
6561000	 CONN	4	 3	 down
6562000	 CONN	4	 3	 up
6563000	 CONN	4	 3	 down
6564000	 CONN	4	 3	 up
6565000	 CONN	4	 3	 down
6566000	 CONN	4	 3	 up
6567000	 CONN	4	 3	 down
6568000	 CONN	4	 3	 up
6569000	 CONN	4	 3	 down
6570000	 CONN	4	 3	 up
6571000	 CONN	4	 3	 down
6572000	 CONN	4	 3	 up
6573000	 CONN	4	 3	 down
6574000	 CONN	4	 3	 up
6575000	 CONN	4	 3	 down
6576000	 CONN	4	 3	 up
6577000	 CONN	4	 3	 down
6578000	 CONN	4	 3	 up
6579000	 CONN	4	 3	 down
6580000	 CONN	4	 3	 up
6581000	 CONN	4	 3	 down
6582000	 CONN	4	 3	 up
6583000	 CONN	4	 3	 down
6584000	 CONN	4	 3	 up
6585000	 CONN	4	 3	 down
6586000	 CONN	4	 3	 up
6587000	 CONN	4	 3	 down
6588000	 CONN	4	 3	 up
6589000	 CONN	4	 3	 down
6590000	 CONN	4	 3	 up
6591000	 CONN	4	 3	 down
6592000	 CONN	4	 3	 up
6593000	 CONN	4	 3	 down
6594000	 CONN	4	 3	 up
6595000	 CONN	4	 3	 down
6596000	 CONN	4	 3	 up
6597000	 CONN	4	 3	 down
6598000	 CONN	4	 3	 up
6599000	 CONN	4	 3	 down
6600000	 CONN	4	 3	 up
6601000	 CONN	4	 3	 down
6602000	 CONN	4	 3	 up
6603000	 CONN	4	 3	 down
6604000	 CONN	4	 3	 up
6605000	 CONN	4	 3	 down
6606000	 CONN	4	 3	 up
6607000	 CONN	4	 3	 down
6608000	 CONN	4	 3	 up
6609000	 CONN	4	 3	 down
6610000	 CONN	4	 3	 up
6611000	 CONN	4	 3	 down
6612000	 CONN	4	 3	 up
6613000	 CONN	4	 3	 down
6614000	 CONN	4	 3	 up
6615000	 CONN	4	 3	 down
6616000	 CONN	4	 3	 up
6617000	 CONN	4	 3	 down
6618000	 CONN	4	 3	 up
6619000	 CONN	4	 3	 down
6620000	 CONN	4	 3	 up
6621000	 CONN	4	 3	 down
6622000	 CONN	4	 3	 up
6623000	 CONN	4	 3	 down
6624000	 CONN	4	 3	 up
6625000	 CONN	4	 3	 down
6626000	 CONN	4	 3	 up
6627000	 CONN	4	 3	 down
6628000	 CONN	4	 3	 up
6629000	 CONN	4	 3	 down
6630000	 CONN	4	 3	 up
6631000	 CONN	4	 3	 down
6632000	 CONN	4	 3	 up
6633000	 CONN	4	 3	 down
6634000	 CONN	4	 3	 up
6635000	 CONN	4	 3	 down
6636000	 CONN	4	 3	 up
6637000	 CONN	4	 3	 down
6638000	 CONN	4	 3	 up
6639000	 CONN	4	 3	 down
6640000	 CONN	4	 3	 up
6641000	 CONN	4	 3	 down
6642000	 CONN	4	 3	 up
6643000	 CONN	4	 3	 down
6644000	 CONN	4	 3	 up
6645000	 CONN	4	 3	 down
6646000	 CONN	4	 3	 up
6647000	 CONN	4	 3	 down
6648000	 CONN	4	 3	 up
6649000	 CONN	4	 3	 down
6650000	 CONN	4	 3	 up
6651000	 CONN	4	 3	 down
6652000	 CONN	4	 3	 up
6653000	 CONN	4	 3	 down
6654000	 CONN	4	 3	 up
6655000	 CONN	4	 3	 down
6656000	 CONN	4	 3	 up
6657000	 CONN	4	 3	 down
6658000	 CONN	4	 3	 up
6659000	 CONN	4	 3	 down
6660000	 CONN	4	 3	 up
6661000	 CONN	4	 3	 down
6662000	 CONN	4	 3	 up
6663000	 CONN	4	 3	 down
6664000	 CONN	4	 3	 up
6665000	 CONN	4	 3	 down
6666000	 CONN	4	 3	 up
6667000	 CONN	4	 3	 down
6668000	 CONN	4	 3	 up
6669000	 CONN	4	 3	 down
6670000	 CONN	4	 3	 up
6671000	 CONN	4	 3	 down
6672000	 CONN	4	 3	 up
6673000	 CONN	4	 3	 down
6674000	 CONN	4	 3	 up
6675000	 CONN	4	 3	 down
6676000	 CONN	4	 3	 up
6677000	 CONN	4	 3	 down
6678000	 CONN	4	 3	 up
6679000	 CONN	4	 3	 down
6680000	 CONN	4	 3	 up
6681000	 CONN	4	 3	 down
6682000	 CONN	4	 3	 up
6683000	 CONN	4	 3	 down
6684000	 CONN	4	 3	 up
6685000	 CONN	4	 3	 down
6686000	 CONN	4	 3	 up
6687000	 CONN	4	 3	 down
6688000	 CONN	4	 3	 up
6689000	 CONN	4	 3	 down
6690000	 CONN	4	 3	 up
6691000	 CONN	4	 3	 down
6692000	 CONN	4	 3	 up
6693000	 CONN	4	 3	 down
6694000	 CONN	4	 3	 up
6695000	 CONN	4	 3	 down
6696000	 CONN	4	 3	 up
6697000	 CONN	4	 3	 down
6698000	 CONN	4	 3	 up
6699000	 CONN	4	 3	 down
6700000	 CONN	4	 3	 up
6701000	 CONN	4	 3	 down
6702000	 CONN	4	 3	 up
6703000	 CONN	4	 3	 down
6704000	 CONN	4	 3	 up
6705000	 CONN	4	 3	 down
6706000	 CONN	4	 3	 up
6707000	 CONN	4	 3	 down
6708000	 CONN	4	 3	 up
6709000	 CONN	4	 3	 down
6710000	 CONN	4	 3	 up
6711000	 CONN	4	 3	 down
6712000	 CONN	4	 3	 up
6713000	 CONN	4	 3	 down
6714000	 CONN	4	 3	 up
6715000	 CONN	4	 3	 down
6716000	 CONN	4	 3	 up
6717000	 CONN	4	 3	 down
6718000	 CONN	4	 3	 up
6719000	 CONN	4	 3	 down
6720000	 CONN	4	 3	 up
6721000	 CONN	4	 3	 down
6722000	 CONN	4	 3	 up
6723000	 CONN	4	 3	 down
6724000	 CONN	4	 3	 up
6725000	 CONN	4	 3	 down
6726000	 CONN	4	 3	 up
6727000	 CONN	4	 3	 down
6728000	 CONN	4	 3	 up
6729000	 CONN	4	 3	 down
6730000	 CONN	4	 3	 up
6731000	 CONN	4	 3	 down
6732000	 CONN	4	 3	 up
6733000	 CONN	4	 3	 down
6734000	 CONN	4	 3	 up
6735000	 CONN	4	 3	 down
6736000	 CONN	4	 3	 up
6737000	 CONN	4	 3	 down
6738000	 CONN	4	 3	 up
6739000	 CONN	4	 3	 down
6740000	 CONN	4	 3	 up
6741000	 CONN	4	 3	 down
6742000	 CONN	4	 3	 up
6743000	 CONN	4	 3	 down
6744000	 CONN	4	 3	 up
6745000	 CONN	4	 3	 down
6746000	 CONN	4	 3	 up
6747000	 CONN	4	 3	 down
6748000	 CONN	4	 3	 up
6749000	 CONN	4	 3	 down
6750000	 CONN	4	 3	 up
6751000	 CONN	4	 3	 down
6752000	 CONN	4	 3	 up
6753000	 CONN	4	 3	 down
6754000	 CONN	4	 3	 up
6755000	 CONN	4	 3	 down
6756000	 CONN	4	 3	 up
6757000	 CONN	4	 3	 down
6758000	 CONN	4	 3	 up
6759000	 CONN	4	 3	 down
6760000	 CONN	4	 3	 up
6761000	 CONN	4	 3	 down
6762000	 CONN	4	 3	 up
6763000	 CONN	4	 3	 down
6764000	 CONN	4	 3	 up
6765000	 CONN	4	 3	 down
6766000	 CONN	4	 3	 up
6767000	 CONN	4	 3	 down
6768000	 CONN	4	 3	 up
6769000	 CONN	4	 3	 down
6770000	 CONN	4	 3	 up
6771000	 CONN	4	 3	 down
6772000	 CONN	4	 3	 up
6773000	 CONN	4	 3	 down
6774000	 CONN	4	 3	 up
6775000	 CONN	4	 3	 down
6776000	 CONN	4	 3	 up
6777000	 CONN	4	 3	 down
6778000	 CONN	4	 3	 up
6779000	 CONN	4	 3	 down
6780000	 CONN	4	 3	 up
6781000	 CONN	4	 3	 down
6782000	 CONN	4	 3	 up
6783000	 CONN	4	 3	 down
6784000	 CONN	4	 3	 up
6785000	 CONN	4	 3	 down
6786000	 CONN	4	 3	 up
6787000	 CONN	4	 3	 down
6788000	 CONN	4	 3	 up
6789000	 CONN	4	 3	 down
6790000	 CONN	4	 3	 up
6791000	 CONN	4	 3	 down
6792000	 CONN	4	 3	 up
6793000	 CONN	4	 3	 down
6794000	 CONN	4	 3	 up
6795000	 CONN	4	 3	 down
6796000	 CONN	4	 3	 up
6797000	 CONN	4	 3	 down
6798000	 CONN	4	 3	 up
6799000	 CONN	4	 3	 down
6800000	 CONN	4	 3	 up
6801000	 CONN	4	 3	 down
6802000	 CONN	4	 3	 up
6803000	 CONN	4	 3	 down
6804000	 CONN	4	 3	 up
6805000	 CONN	4	 3	 down
6806000	 CONN	4	 3	 up
6807000	 CONN	4	 3	 down
6808000	 CONN	4	 3	 up
6809000	 CONN	4	 3	 down
6810000	 CONN	4	 3	 up
6811000	 CONN	4	 3	 down
6812000	 CONN	4	 3	 up
6813000	 CONN	4	 3	 down
6814000	 CONN	4	 3	 up
6815000	 CONN	4	 3	 down
6816000	 CONN	4	 3	 up
6817000	 CONN	4	 3	 down
6818000	 CONN	4	 3	 up
6819000	 CONN	4	 3	 down
6820000	 CONN	4	 3	 up
6821000	 CONN	4	 3	 down
6822000	 CONN	4	 3	 up
6823000	 CONN	4	 3	 down
6824000	 CONN	4	 3	 up
6825000	 CONN	4	 3	 down
6826000	 CONN	4	 3	 up
6827000	 CONN	4	 3	 down
6828000	 CONN	4	 3	 up
6829000	 CONN	4	 3	 down
6830000	 CONN	4	 3	 up
6831000	 CONN	4	 3	 down
6832000	 CONN	4	 3	 up
6833000	 CONN	4	 3	 down
6834000	 CONN	4	 3	 up
6835000	 CONN	4	 3	 down
6836000	 CONN	4	 3	 up
6837000	 CONN	4	 3	 down
6838000	 CONN	4	 3	 up
6839000	 CONN	4	 3	 down
6840000	 CONN	4	 3	 up
6841000	 CONN	4	 3	 down
6842000	 CONN	4	 3	 up
6843000	 CONN	4	 3	 down
6844000	 CONN	4	 3	 up
6845000	 CONN	4	 3	 down
6846000	 CONN	4	 3	 up
6847000	 CONN	4	 3	 down
6848000	 CONN	4	 3	 up
6849000	 CONN	4	 3	 down
6850000	 CONN	4	 3	 up
6851000	 CONN	4	 3	 down
6852000	 CONN	4	 3	 up
6853000	 CONN	4	 3	 down
6854000	 CONN	4	 3	 up
6855000	 CONN	4	 3	 down
6856000	 CONN	4	 3	 up
6857000	 CONN	4	 3	 down
6858000	 CONN	4	 3	 up
6859000	 CONN	4	 3	 down
6860000	 CONN	4	 3	 up
6861000	 CONN	4	 3	 down
6862000	 CONN	4	 3	 up
6863000	 CONN	4	 3	 down
6864000	 CONN	4	 3	 up
6865000	 CONN	4	 3	 down
6866000	 CONN	4	 3	 up
6867000	 CONN	4	 3	 down
6868000	 CONN	4	 3	 up
6869000	 CONN	4	 3	 down
6870000	 CONN	4	 3	 up
6871000	 CONN	4	 3	 down
6872000	 CONN	4	 3	 up
6873000	 CONN	4	 3	 down
6874000	 CONN	4	 3	 up
6875000	 CONN	4	 3	 down
6876000	 CONN	4	 3	 up
6877000	 CONN	4	 3	 down
6878000	 CONN	4	 3	 up
6879000	 CONN	4	 3	 down
6880000	 CONN	4	 3	 up
6881000	 CONN	4	 3	 down
6882000	 CONN	4	 3	 up
6883000	 CONN	4	 3	 down
6884000	 CONN	4	 3	 up
6885000	 CONN	4	 3	 down
6886000	 CONN	4	 3	 up
6887000	 CONN	4	 3	 down
6888000	 CONN	4	 3	 up
6889000	 CONN	4	 3	 down
6890000	 CONN	4	 3	 up
6891000	 CONN	4	 3	 down
6892000	 CONN	4	 3	 up
6893000	 CONN	4	 3	 down
6894000	 CONN	4	 3	 up
6895000	 CONN	4	 3	 down
6896000	 CONN	4	 3	 up
6897000	 CONN	4	 3	 down
6898000	 CONN	4	 3	 up
6899000	 CONN	4	 3	 down
6900000	 CONN	4	 3	 up
6901000	 CONN	4	 3	 down
6902000	 CONN	4	 3	 up
6903000	 CONN	4	 3	 down
6904000	 CONN	4	 3	 up
6905000	 CONN	4	 3	 down
6906000	 CONN	4	 3	 up
6907000	 CONN	4	 3	 down
6908000	 CONN	4	 3	 up
6909000	 CONN	4	 3	 down
6910000	 CONN	4	 3	 up
6911000	 CONN	4	 3	 down
6912000	 CONN	4	 3	 up
6913000	 CONN	4	 3	 down
6914000	 CONN	4	 3	 up
6915000	 CONN	4	 3	 down
6916000	 CONN	4	 3	 up
6917000	 CONN	4	 3	 down
6918000	 CONN	4	 3	 up
6919000	 CONN	4	 3	 down
6920000	 CONN	4	 3	 up
6921000	 CONN	4	 3	 down
6922000	 CONN	4	 3	 up
6923000	 CONN	4	 3	 down
6924000	 CONN	4	 3	 up
6925000	 CONN	4	 3	 down
6926000	 CONN	4	 3	 up
6927000	 CONN	4	 3	 down
6928000	 CONN	4	 3	 up
6929000	 CONN	4	 3	 down
6930000	 CONN	4	 3	 up
6931000	 CONN	4	 3	 down
6932000	 CONN	4	 3	 up
6933000	 CONN	4	 3	 down
6934000	 CONN	4	 3	 up
6935000	 CONN	4	 3	 down
6936000	 CONN	4	 3	 up
6937000	 CONN	4	 3	 down
6938000	 CONN	4	 3	 up
6939000	 CONN	4	 3	 down
6940000	 CONN	4	 3	 up
6941000	 CONN	4	 3	 down
6942000	 CONN	4	 3	 up
6943000	 CONN	4	 3	 down
6944000	 CONN	4	 3	 up
6945000	 CONN	4	 3	 down
6946000	 CONN	4	 3	 up
6947000	 CONN	4	 3	 down
6948000	 CONN	4	 3	 up
6949000	 CONN	4	 3	 down
6950000	 CONN	4	 3	 up
6951000	 CONN	4	 3	 down
6952000	 CONN	4	 3	 up
6953000	 CONN	4	 3	 down
6954000	 CONN	4	 3	 up
6955000	 CONN	5	 4	 up
6956000	 CONN	4	 3	 down
6957000	 CONN	5	 4	 down
6958000	 CONN	5	 4	 up
6959000	 CONN	5	 4	 down
6960000	 CONN	5	 4	 up
6961000	 CONN	5	 4	 down
6962000	 CONN	5	 4	 up
6963000	 CONN	5	 4	 down
6964000	 CONN	5	 4	 up
6965000	 CONN	5	 4	 down
6966000	 CONN	5	 4	 up
6967000	 CONN	5	 4	 down
6968000	 CONN	5	 4	 up
6969000	 CONN	5	 4	 down
6970000	 CONN	5	 4	 up
6971000	 CONN	5	 4	 down
6972000	 CONN	5	 4	 up
6973000	 CONN	5	 4	 down
6974000	 CONN	5	 4	 up
6975000	 CONN	5	 4	 down
